0 10.7952 0.0345014
1 6.09487 0.0459577
2 5.05387 0.0467803
3 13.6007 0.0474548
4 2.17754 0.0481276
5 5.85442 0.0525702
6 5.22922 0.0532378
7 5.21636 0.0539053
8 2.21763 0.054269
9 10.4557 0.0682706
10 5.00041 0.069177
11 4.73629 0.0698446
12 4.84516 0.0705121
13 5.09001 0.0711797
14 2.19215 0.0715434
15 5.93181 0.11965
16 10.1115 0.120039
17 2.23323 0.120567
18 13.8813 0.124807
19 6.36267 0.135449
20 11.1534 0.135975
21 8.27513 0.140085
22 8.27549 0.146871
23 8.31065 0.149525
24 13.9608 0.158081
25 8.85097 0.162685
26 8.20657 0.174119
27 8.02871 0.17622
28 8.6112 0.180744
29 8.71289 0.188207
30 7.97834 0.194315
31 7.07154 0.19782
32 6.99229 0.199441
33 7.70528 0.202343
34 13.3939 0.208883
35 7.90596 0.216447
36 7.18756 0.220215
37 15.5512 0.223955
38 15.585 0.224372
39 8.23113 0.238409
40 8.11062 0.240207
41 17.8985 0.247442
42 6.20023 0.248539
43 2.22169 0.248903
44 9.65111 0.28418
45 19.2263 0.287564
46 2.45229 0.288237
47 9.10915 0.290931
48 10.6983 0.29539
49 15.9024 0.44943
50 10.3748 0.527423
51 10.0711 0.528366
52 11.5885 0.530363
53 21.2006 0.728871
54 9.15265 0.738251
55 33.084 0.73914
56 19.1487 0.852055
57 6.06281 0.853152
58 2.09633 0.853516
59 18.0054 0.858041
60 2.43857 0.858714
61 6.99797 0.863156
62 2.51661 0.86352
63 6.50557 0.867963
64 5.74835 0.86863
65 5.70355 0.869298
66 2.33701 0.869661
67 7.55507 0.985617
68 2.70044 0.98598
69 8.49082 0.990423
70 6.69862 0.994947
71 2.50657 0.99531
72 10.4907 1.00262
73 5.24761 1.00452
74 8.45783 1.00542
75 2.06248 1.00595
76 5.28264 1.01039
77 13.3393 1.01107
78 5.75298 1.01492
79 2.25485 1.01528
80 11.9201 1.01969
81 7.89614 1.03095
82 9.86413 1.03825
83 5.71046 1.03915
84 6.45518 1.04208
85 6.09496 1.04618
86 8.79577 1.04828
87 2.09306 1.04881
88 6.29243 1.05097
89 14.9589 1.05793
90 13.4509 1.06502
91 9.09116 1.0672
92 5.18789 1.07062
93 15.7871 1.07213
94 2.04362 1.07293
95 5.53514 1.07738
96 2.2073 1.07774
97 6.89816 1.08218
98 6.43759 1.08945
99 5.41313 1.09154
100 2.173 1.09191
101 12.4228 1.09643
102 1.55419 1.09665
103 8.95467 1.10386
104 6.72915 1.10615
105 9.81524 1.1066
106 7.2171 1.10733
107 5.62084 1.11066
108 5.96312 1.11193
109 7.53021 1.12098
110 6.90362 1.12638
111 7.03401 1.12778
112 14.4319 1.14875
113 2.23648 1.14942
114 14.5993 1.15395
115 5.25444 1.15863
116 2.06973 1.15899
117 9.20175 1.1613
118 5.20117 1.16343
119 5.38868 1.1641
120 5.51025 1.17237
121 8.54002 1.17323
122 2.12407 1.17376
123 5.30977 1.18096
124 12.9567 1.18166
125 4.83635 1.18719
126 8.49035 1.18755
127 5.76476 1.19133
128 5.90637 1.19205
129 12.2092 1.2057
130 7.04682 1.2134
131 7.05898 1.2152
132 17.3587 1.22858
133 5.09054 1.22923
134 6.24769 1.23193
135 4.79162 1.23828
136 8.4317 1.23859
137 6.48205 1.2428
138 6.45028 1.2469
139 4.96364 1.2514
140 4.92093 1.25185
141 11.6077 1.25548
142 7.61573 1.25645
143 1.90716 1.25698
144 5.45803 1.26142
145 5.3129 1.2625
146 5.62943 1.26421
147 6.17872 1.26595
148 7.32693 1.2736
149 5.56806 1.28076
150 13.0989 1.28148
151 2.21255 1.28215
152 6.41418 1.29923
153 6.26531 1.30016
154 8.65107 1.30477
155 8.69843 1.30491
156 7.39543 1.31727
157 6.58732 1.32052
158 6.73479 1.32168
159 7.4938 1.33535
160 5.10725 1.34072
161 4.82812 1.3412
162 5.47498 1.34216
163 6.0779 1.34572
164 5.90145 1.34792
165 5.83605 1.35024
166 13.3941 1.35303
167 9.93134 1.35485
168 7.79117 1.3685
169 5.82574 1.37754
170 12.473 1.37897
171 5.06283 1.3802
172 4.76104 1.38169
173 4.95059 1.38207
174 5.92041 1.39953
175 2.30824 1.39989
176 4.78753 1.40434
177 4.2006 1.405
178 4.00607 1.40567
179 3.95587 1.40634
180 3.97329 1.40701
181 4.1134 1.40767
182 4.46807 1.40844
183 5.21492 1.40936
184 7.12016 1.41966
185 5.78196 1.42403
186 5.805 1.42461
187 9.68754 1.43335
188 2.2737 1.43388
189 6.55422 1.43832
190 8.95703 1.44292
191 4.32902 1.44423
192 4.42686 1.4445
193 5.45589 1.44902
194 2.20037 1.44938
195 5.45861 1.45383
196 5.45511 1.45449
197 5.24192 1.45902
198 2.07183 1.45938
199 5.95534 1.4607
200 6.16872 1.46835
201 8.43088 1.47156
202 4.78251 1.47287
203 11.2496 1.47456
204 4.90164 1.47563
205 8.88562 1.48032
206 8.72824 1.48219
207 9.40981 1.48392
208 4.07904 1.49829
209 4.08117 1.49832
210 5.88992 1.50281
211 2.31379 1.50318
212 5.05492 1.50762
213 5.04357 1.50785
214 7.21618 1.51165
215 7.82492 1.51995
216 3.55104 1.531
217 7.01268 1.53492
218 5.59836 1.53944
219 2.20392 1.53981
220 9.42417 1.54429
221 4.97762 1.5472
222 8.34891 1.54817
223 4.74102 1.55309
224 4.30544 1.5542
225 34.941 1.55573
226 4.79761 1.55745
227 5.63864 1.56064
228 6.1564 1.56377
229 6.47279 1.56942
230 6.27704 1.57246
231 6.55698 1.57438
232 6.79709 1.58663
233 4.76612 1.59025
234 3.72197 1.59091
235 10.9255 1.59108
236 11.1879 1.60003
237 7.17278 1.60406
238 6.88047 1.61368
239 12.5321 1.61797
240 8.49547 1.61829
241 5.89761 1.62334
242 2.32495 1.6237
243 6.28838 1.6373
244 1.62744 1.63928
245 12.2589 1.63957
246 8.6977 1.64376
247 5.04035 1.64435
248 24.6247 1.64976
249 10.7124 1.66541
250 6.26838 1.66743
251 6.44742 1.67022
252 10.7508 1.67345
253 7.17239 1.67678
254 7.85927 1.68638
255 17.4298 1.69223
256 8.00982 1.70639
257 17.3825 1.71158
258 7.88445 1.71787
259 12.8268 1.7233
260 8.49111 1.72786
261 9.76526 1.75378
262 6.87566 1.76897
263 15.7654 1.77008
264 2.36867 1.77075
265 14.4064 1.79363
266 5.09057 1.79443
267 5.49196 1.79538
268 6.64246 1.79708
269 27.7018 1.8086
270 2.62976 1.80976
271 4.07535 1.82394
272 3.96213 1.82397
273 2.12272 1.8243
274 9.01644 1.8295
275 21.0289 1.86278
276 20.7642 1.86359
277 17.1295 1.871
278 21.3058 1.88373
279 6.6545 1.88532
280 7.50241 1.89748
281 7.00055 1.90076
282 16.0918 1.9043
283 6.48601 1.9112
284 5.74421 1.91278
285 5.86176 1.9137
286 7.05421 1.91576
287 17.8085 1.93429
288 7.44256 1.93888
289 5.63046 1.94357
290 4.31459 1.94439
291 3.22724 1.94476
292 3.37256 1.94483
293 5.49584 1.95082
294 9.97824 1.9511
295 18.0798 1.96165
296 2.63902 1.96232
297 5.04281 2.00559
298 4.36098 2.00589
299 15.3388 2.00614
300 15.053 2.02602
301 5.83562 2.03337
302 16.9472 2.03347
303 16.9248 2.04456
304 12.2868 2.07439
305 12.4337 2.08704
306 9.24719 2.20231
307 22.5158 2.20373
308 8.11555 2.22733
309 12.227 2.2291
310 12.4773 2.22961
311 7.24676 2.30207
312 2.57893 2.30243
313 4.92002 2.30806
314 19.7573 2.30811
315 7.08578 2.31583
316 14.4973 2.31954
317 14.223 2.32096
318 7.88722 2.32461
319 7.89614 2.32466
320 7.95093 2.32913
321 8.3976 2.35154
322 9.37423 2.35547
323 4.80383 2.35584
324 5.83151 2.35656
325 19.6412 2.36448
326 9.58674 2.37129
327 10.9606 2.38304
328 12.1944 2.41234
329 16.2273 2.4886
330 5.89285 2.50717
331 10.7302 2.50752
332 28.0877 2.51406
333 10.7777 2.51649
334 2.15924 2.51702
335 9.85425 2.53217
336 15.1742 2.55217
337 20.3174 2.57453
338 2.15828 2.57524
339 13.7522 2.57986
340 1.96202 2.58053
341 9.9989 2.58204
342 7.04551 2.58485
343 6.88113 2.60271
344 8.71385 2.60534
345 12.6516 2.60574
346 2.0216 2.60641
347 7.21022 2.6247
348 12.2557 2.62938
349 1.63075 2.63006
350 7.74252 2.63068
351 5.01291 2.63179
352 14.3609 2.63469
353 16.7802 2.64241
354 6.94158 2.66413
355 6.50165 2.66607
356 19.0137 2.66933
357 2.2959 2.67014
358 6.18083 2.68704
359 4.77801 2.68917
360 4.32681 2.68991
361 11.4362 2.69073
362 5.19458 2.69361
363 12.0835 2.69568
364 12.5712 2.69643
365 27.6967 2.72757
366 9.22315 2.72829
367 14.057 2.73526
368 5.81177 2.73787
369 6.16987 2.73956
370 6.32046 2.74691
371 10.5147 2.74833
372 6.36406 2.75865
373 6.39543 2.75932
374 8.05574 2.77222
375 7.79361 2.78034
376 7.21272 2.78817
377 22.6974 2.79494
378 5.85236 2.7975
379 7.81685 2.80183
380 7.78902 2.802
381 5.77582 2.81151
382 2.2787 2.81187
383 5.5904 2.81779
384 4.63765 2.81922
385 4.60986 2.81977
386 5.33067 2.8211
387 8.86786 2.82493
388 5.48701 2.82644
389 8.43738 2.83051
390 4.64192 2.83141
391 1.98687 2.83178
392 6.38833 2.83728
393 5.92154 2.84098
394 5.7995 2.84267
395 9.86159 2.84559
396 19.5843 2.84932
397 14.0327 2.88416
398 9.38513 2.8842
399 7.38276 2.90039
400 7.29129 2.90278
401 17.9915 2.91458
402 2.20823 2.91538
403 5.23682 2.91983
404 4.74339 2.92049
405 2.02733 2.92086
406 5.01003 2.92496
407 5.03418 2.9253
408 6.78889 2.92868
409 4.81888 2.94301
410 4.42011 2.94337
411 1.9768 2.94374
412 8.8995 2.94822
413 15.2809 2.95084
414 4.41836 2.95283
415 7.7281 2.95359
416 5.63936 2.95663
417 13.8476 2.96014
418 6.33021 2.97497
419 17.7446 2.97797
420 5.98072 2.98285
421 5.98472 2.98502
422 12.8841 2.9897
423 2.18207 2.99038
424 8.55708 2.99902
425 4.98238 2.99946
426 6.06411 3.00537
427 7.3726 3.00913
428 7.32253 3.00949
429 5.24638 3.0118
430 12.8647 3.01396
431 6.62738 3.01783
432 6.17114 3.03315
433 2.39838 3.03351
434 6.51844 3.04002
435 5.28778 3.04248
436 4.84307 3.04314
437 2.08407 3.04351
438 0.689382 3.04861
439 3.74831 3.04862
440 6.05387 3.05042
441 6.40182 3.05177
442 4.30228 3.07241
443 16.8088 3.07246
444 6.80304 3.0824
445 6.69042 3.08557
446 6.26156 3.09213
447 20.6245 3.0959
448 2.10663 3.09681
449 10.9176 3.10427
450 4.02945 3.10456
451 5.26254 3.10578
452 6.32537 3.11483
453 3.53703 3.11949
454 13.5294 3.11958
455 1.98487 3.12038
456 6.17554 3.12483
457 6.24291 3.12935
458 5.06563 3.13387
459 4.58929 3.13454
460 1.98684 3.1349
461 13.2817 3.13943
462 4.56088 3.14393
463 4.58859 3.14411
464 5.16199 3.15768
465 4.60638 3.15835
466 1.98663 3.15871
467 11.3592 3.16324
468 4.54536 3.16433
469 1.62978 3.16537
470 4.31062 3.16558
471 9.48794 3.17016
472 5.13103 3.17953
473 13.9502 3.18123
474 4.34493 3.1819
475 5.37298 3.18559
476 4.98211 3.18889
477 4.93665 3.19
478 27.2511 3.19419
479 8.9769 3.19928
480 4.45442 3.20464
481 7.64658 3.20501
482 5.84423 3.20848
483 6.19609 3.21221
484 5.68128 3.21878
485 4.98382 3.22044
486 4.57671 3.22135
487 4.85275 3.22185
488 9.23056 3.23483
489 2.22217 3.23535
490 6.33691 3.2398
491 5.79392 3.24432
492 5.77797 3.24572
493 7.59903 3.25259
494 4.1422 3.25337
495 4.2819 3.25399
496 4.86353 3.25541
497 7.67506 3.25797
498 4.38186 3.25888
499 1.9094 3.25924
500 8.47271 3.26459
501 4.71133 3.2655
502 2.01841 3.26586
503 12.7588 3.28459
504 5.40847 3.28613
505 5.4318 3.29024
506 7.10604 3.29334
507 13.0802 3.29416
508 4.19397 3.29533
509 4.6712 3.29627
510 5.95221 3.30079
511 5.3551 3.30531
512 2.18612 3.30568
513 7.1361 3.3145
514 9.95102 3.31498
515 4.14779 3.31608
516 1.80535 3.31644
517 4.36171 3.31963
518 7.68105 3.31994
519 9.43907 3.33353
520 5.73767 3.33462
521 17.313 3.3448
522 8.31862 3.34881
523 1.99326 3.34934
524 5.75572 3.35103
525 4.38733 3.36173
526 15.3176 3.36202
527 3.99208 3.37156
528 6.69074 3.37195
529 10.5613 3.37269
530 4.33484 3.37656
531 4.35842 3.37677
532 6.24594 3.38237
533 6.35556 3.38606
534 9.9944 3.39275
535 5.07008 3.39979
536 4.45651 3.40074
537 4.26928 3.40141
538 1.89867 3.40177
539 5.27695 3.40621
540 11.0416 3.4088
541 3.7603 3.41059
542 21.1573 3.4111
543 5.61897 3.41399
544 7.21791 3.43245
545 6.81618 3.43844
546 6.87511 3.44151
547 13.185 3.45788
548 19.3144 3.46157
549 1.98865 3.46248
550 8.00338 3.46985
551 2.99218 3.47164
552 2.99868 3.47169
553 20.0745 3.47499
554 3.85258 3.47694
555 3.85865 3.47748
556 4.40302 3.47865
557 4.10783 3.48245
558 1.68591 3.48281
559 9.1554 3.48473
560 15.5477 3.48532
561 6.97817 3.4873
562 1.82266 3.48782
563 6.19377 3.49258
564 6.0555 3.5153
565 9.3671 3.51724
566 13.2711 3.52185
567 9.59314 3.52741
568 14.9172 3.53452
569 4.37825 3.53492
570 9.96136 3.54392
571 3.71865 3.54412
572 4.14209 3.54689
573 4.12855 3.54723
574 15.3532 3.5498
575 6.95324 3.55949
576 6.94001 3.55968
577 11.2109 3.56431
578 4.42922 3.56541
579 1.89627 3.56577
580 4.5659 3.57474
581 7.60638 3.57524
582 4.63115 3.57855
583 4.55554 3.57926
584 11.4806 3.58135
585 11.5903 3.586
586 5.02031 3.58704
587 6.31393 3.59139
588 6.6658 3.60389
589 6.08333 3.60909
590 10.0263 3.61343
591 3.32122 3.61361
592 19.4102 3.61496
593 5.63942 3.63485
594 2.24358 3.63521
595 13.135 3.64101
596 5.78179 3.64418
597 8.22096 3.64878
598 2.02678 3.64931
599 3.59226 3.65375
600 13.4305 3.65389
601 9.02652 3.65836
602 12.9207 3.66499
603 5.75916 3.67126
604 21.9743 3.67743
605 9.15525 3.68047
606 12.5272 3.68069
607 7.8542 3.68529
608 4.74046 3.68738
609 7.98197 3.68885
610 5.65012 3.69135
611 9.02462 3.70441
612 2.18546 3.70493
613 5.65232 3.71085
614 12.9662 3.71253
615 6.47528 3.72215
616 11.8079 3.73045
617 7.66015 3.73259
618 11.0454 3.73427
619 5.27523 3.73719
620 3.92774 3.74336
621 6.2766 3.74409
622 23.3244 3.7448
623 4.57889 3.74655
624 4.61429 3.75052
625 4.68871 3.7509
626 21.7946 3.76869
627 6.10956 3.77625
628 3.08927 3.77627
629 5.35353 3.77818
630 11.3873 3.78367
631 14.8972 3.78498
632 5.37241 3.78777
633 6.02221 3.79084
634 5.86307 3.80266
635 16.1818 3.80529
636 5.47481 3.80719
637 9.95729 3.81179
638 12.8435 3.82195
639 2.15549 3.82263
640 7.54297 3.82697
641 4.02495 3.82707
642 6.76535 3.83785
643 5.7623 3.84348
644 8.12029 3.84544
645 4.49744 3.84634
646 1.9339 3.84671
647 9.82005 3.85044
648 19.766 3.8601
649 4.26966 3.86032
650 6.47613 3.86465
651 7.20217 3.86966
652 7.24702 3.88933
653 6.63581 3.89351
654 6.09121 3.89648
655 5.7948 3.89821
656 6.14385 3.89943
657 8.34751 3.91642
658 4.55622 3.91658
659 8.67251 3.92457
660 5.05732 3.92522
661 9.32117 3.92906
662 9.56436 3.93212
663 6.0473 3.93818
664 6.09604 3.94005
665 2.84145 3.95175
666 22.6708 3.95177
667 3.95618 3.95264
668 4.76307 3.95452
669 4.86068 3.9576
670 13.6538 3.95997
671 4.19051 3.96075
672 11.1152 3.96373
673 4.94288 3.96491
674 6.30185 3.96952
675 6.87488 3.97745
676 6.1327 3.9843
677 5.22587 3.98597
678 5.41073 3.9865
679 3.59767 3.99909
680 6.61968 3.99921
681 4.18224 3.99949
682 7.27199 4.01458
683 3.79198 4.01471
684 1.91083 4.01511
685 20.9784 4.02289
686 5.13776 4.02491
687 5.357 4.02614
688 6.26065 4.02854
689 5.48199 4.04701
690 2.11243 4.04737
691 6.0707 4.04862
692 9.24536 4.05767
693 11.0625 4.06137
694 14.5872 4.06198
695 8.78707 4.06696
696 6.39142 4.07153
697 9.3217 4.07178
698 3.93173 4.07229
699 14.1009 4.07996
700 17.7948 4.0909
701 2.24088 4.0917
702 6.09483 4.10079
703 2.38111 4.10116
704 6.9597 4.11889
705 5.73764 4.12531
706 16.7053 4.12725
707 8.84941 4.13519
708 5.37367 4.13736
709 7.33116 4.14246
710 4.07942 4.14365
711 9.54017 4.14488
712 4.15689 4.14657
713 12.9457 4.14841
714 10.2057 4.15084
715 7.63998 4.15358
716 7.38358 4.15763
717 4.52261 4.15852
718 4.1301 4.16304
719 10.1263 4.16363
720 17.8322 4.16787
721 1.88772 4.16878
722 20.1897 4.17391
723 13.0741 4.18799
724 5.64712 4.19167
725 7.69558 4.19577
726 11.1306 4.19635
727 6.37118 4.20564
728 6.27263 4.20582
729 11.0385 4.20694
730 12.0664 4.21492
731 4.94806 4.21547
732 7.02189 4.22665
733 6.09492 4.23658
734 9.45811 4.2386
735 2.07747 4.24262
736 5.24672 4.24294
737 13.6168 4.24807
738 8.90109 4.25672
739 12.2218 4.25866
740 5.62608 4.26234
741 4.58614 4.26511
742 4.60846 4.2654
743 8.76297 4.27247
744 2.01432 4.27285
745 6.25212 4.27929
746 9.79006 4.28285
747 6.24743 4.28916
748 8.79503 4.29489
749 15.8886 4.29708
750 8.41994 4.30156
751 2.08082 4.30209
752 8.49737 4.31129
753 2.03695 4.31181
754 16.2651 4.31638
755 5.23602 4.31972
756 29.2469 4.3228
757 5.33397 4.33969
758 5.35128 4.34008
759 13.3189 4.35891
760 20.5452 4.35927
761 13.5837 4.36121
762 10.9479 4.36525
763 8.03359 4.3674
764 11.6465 4.37462
765 2.05491 4.37529
766 5.47435 4.38215
767 11.9456 4.38459
768 5.38573 4.38927
769 7.16788 4.39292
770 4.04281 4.3938
771 7.03925 4.3947
772 4.1927 4.39795
773 6.48125 4.3987
774 4.10682 4.39931
775 4.30773 4.40223
776 4.35418 4.4026
777 4.89743 4.40851
778 15.133 4.40963
779 11.5642 4.41772
780 1.51462 4.41793
781 15.9505 4.42855
782 2.06526 4.42936
783 5.88889 4.43311
784 5.33543 4.43868
785 5.25718 4.43978
786 5.6101 4.4432
787 27.0322 4.44881
788 7.62215 4.45233
789 1.87094 4.45285
790 12.7403 4.45742
791 3.33976 4.45759
792 4.64991 4.45867
793 5.64381 4.46605
794 13.0479 4.46788
795 5.8088 4.4775
796 2.30981 4.47787
797 4.90734 4.48835
798 4.649 4.48886
799 4.96284 4.48993
800 8.29033 4.49144
801 2.12861 4.49196
802 6.28462 4.50652
803 6.19452 4.50795
804 5.53596 4.51466
805 9.16768 4.51557
806 9.04983 4.52615
807 7.28457 4.52992
808 10.006 4.53105
809 9.8853 4.53302
810 13.6177 4.534
811 7.95551 4.54034
812 4.81235 4.54124
813 5.396 4.54384
814 5.69663 4.54577
815 5.93629 4.55274
816 5.73439 4.55481
817 9.63413 4.55726
818 6.65146 4.56712
819 15.3765 4.57469
820 4.6504 4.57532
821 8.40572 4.57961
822 2.08029 4.58014
823 5.25501 4.58603
824 8.54129 4.58715
825 12.3893 4.59199
826 5.53945 4.59375
827 1.28147 4.60303
828 10.8528 4.60317
829 8.6563 4.60654
830 18.7398 4.61024
831 1.9669 4.61116
832 5.36318 4.61423
833 5.59319 4.6156
834 5.42027 4.62465
835 2.14966 4.62501
836 13.8296 4.62855
837 6.79152 4.63588
838 6.15654 4.64458
839 4.53193 4.64779
840 11.3688 4.64825
841 8.65226 4.65239
842 2.14427 4.65292
843 8.28022 4.66472
844 10.4197 4.66645
845 4.32554 4.66723
846 4.87168 4.66989
847 4.33965 4.67214
848 17.3888 4.67321
849 4.96123 4.67508
850 1.94471 4.68085
851 15.8523 4.68149
852 6.53171 4.68837
853 6.31491 4.69723
854 1.92498 4.70123
855 8.07109 4.70164
856 8.91349 4.70385
857 7.8142 4.71071
858 4.18644 4.71162
859 1.77054 4.71198
860 11.7128 4.7138
861 5.43938 4.72107
862 9.69198 4.72476
863 8.70989 4.72575
864 12.178 4.72599
865 15.5861 4.73081
866 5.45846 4.73556
867 5.61972 4.73681
868 12.1136 4.74929
869 2.02645 4.74996
870 14.0665 4.75411
871 7.14259 4.75444
872 8.14594 4.75916
873 3.68621 4.76056
874 3.60935 4.76073
875 1.84513 4.7611
876 8.19857 4.7714
877 4.26173 4.77233
878 4.40919 4.77278
879 5.52616 4.77459
880 5.44521 4.77852
881 5.54012 4.77925
882 9.01672 4.78897
883 9.04643 4.78958
884 5.60418 4.80282
885 9.16237 4.80372
886 8.20427 4.80962
887 8.09613 4.81031
888 3.95856 4.81417
889 7.21155 4.81433
890 2.05718 4.81882
891 7.83777 4.81934
892 2.06585 4.81987
893 5.32971 4.82431
894 8.88096 4.82522
895 8.09965 4.83073
896 1.20666 4.83081
897 13.7129 4.84073
898 5.33141 4.84379
899 5.36862 4.84473
900 9.04416 4.84933
901 12.6383 4.85153
902 9.59085 4.85405
903 5.69619 4.86318
904 5.57357 4.86392
905 6.45881 4.86608
906 5.95138 4.87343
907 2.3302 4.87379
908 6.99908 4.8782
909 7.0506 4.88288
910 9.4272 4.89054
911 5.34791 4.89192
912 5.66061 4.89338
913 13.6258 4.89806
914 12.3073 4.90301
915 16.3726 4.90389
916 5.40241 4.90769
917 2.17215 4.90805
918 7.33549 4.91702
919 7.18968 4.92154
920 7.05681 4.92607
921 6.42583 4.93059
922 10.1428 4.93262
923 6.62707 4.93511
924 5.98931 4.94062
925 2.31988 4.94099
926 5.65763 4.94543
927 9.83398 4.94595
928 2.05629 4.95853
929 8.14212 4.95906
930 1.68513 4.95958
931 12.7188 4.96032
932 5.59534 4.96403
933 2.21694 4.96439
934 9.3974 4.96887
935 5.00702 4.96978
936 2.05652 4.97014
937 4.52637 4.97459
938 8.4045 4.97473
939 1.74303 4.97804
940 5.36802 4.97817
941 4.89546 4.98259
942 4.77093 4.98278
943 5.70058 4.98383
944 2.34571 4.98419
945 7.20996 5.9728
946 2.6068 5.97316
947 5.47523 5.97761
948 4.76295 5.97827
949 4.76884 5.97894
950 5.13734 5.97986
951 5.30771 5.98149
952 5.4073 5.98248
953 5.8697 5.9842
954 6.13047 5.9862
955 5.94015 5.98849
956 6.16713 5.98952
957 7.23839 5.99396
958 7.3311 5.99715
959 6.20567 6.00168
960 2.36899 6.00204
961 10.4108 6.00653
962 2.3588 6.00705
963 7.39635 6.0115
964 6.11072 6.01602
965 2.35037 6.01638
966 5.66868 6.02083
967 5.4352 6.02149
968 6.13192 6.02277
969 7.28816 6.02602
970 7.61357 6.03419
971 11.1718 6.03967
972 5.69769 6.04427
973 5.27406 6.04543
974 5.28504 6.04682
975 5.41509 6.04843
976 17.8204 6.05075
977 5.58229 6.0555
978 2.20173 6.05587
979 9.59527 6.06035
980 2.24349 6.06088
981 5.87781 6.06532
982 5.93172 6.06599
983 2.24632 6.07495
984 13.034 6.07563
985 2.21454 6.0763
986 6.76936 6.08074
987 5.24777 6.08527
988 5.20213 6.0857
989 2.11172 6.08971
990 16.3436 6.09051
991 2.11238 6.09131
992 9.41806 6.0958
993 5.67669 6.0967
994 7.1777 6.10123
995 7.37942 6.1097
996 5.77969 6.11511
997 9.47688 6.11602
998 4.97619 6.12062
999 1.95268 6.12098
1000 3.23033 6.12257
1001 6.10521 6.12265
1002 4.73143 6.1236
1003 13.6415 6.12551
1004 5.88365 6.13924
1005 2.23967 6.1396
1006 10.1454 6.14206
1007 5.59066 6.14404
1008 2.24211 6.14441
1009 4.59633 6.15432
1010 12.4734 6.15453
1011 2.58821 6.15884
1012 2.60407 6.15884
1013 8.45091 6.15975
1014 5.8723 6.16104
1015 7.21932 6.16907
1016 5.77022 6.17359
1017 2.25331 6.17396
1018 4.83267 6.1784
1019 4.25318 6.17907
1020 4.09849 6.17973
1021 4.19809 6.1804
1022 4.54835 6.18117
1023 12.6818 6.18296
1024 5.61131 6.18694
1025 2.22632 6.18731
1026 7.17848 6.19175
1027 16.2984 6.19788
1028 12.2166 6.20149
1029 7.0061 6.21582
1030 6.70382 6.21689
1031 7.58165 6.21892
1032 8.54978 6.228
1033 6.84666 6.23413
1034 2.50504 6.23449
1035 13.4351 6.23897
1036 11.9492 6.24879
1037 11.8633 6.24981
1038 8.67019 6.2533
