757 756
757 758
756 819
756 725
756 830
756 754
756 694
756 761
756 783
758 762
819 865
819 693
819 820
819 870
725 726
725 723
830 829
830 828
830 840
830 831
830 834
754 760
754 739
754 755
754 771
694 543
694 692
694 693
694 723
761 760
761 779
761 762
761 723
783 781
865 901
865 828
865 870
865 855
693 692
693 802
820 815
870 901
870 897
870 871
901 900
901 902
828 803
828 827
855 823
855 854
900 915
900 909
902 905
902 903
915 913
915 897
915 910
915 914
909 914
913 921
913 918
913 916
897 878
897 899
910 898
910 911
914 927
914 920
921 922
918 923
916 917
922 919
922 924
726 755
726 752
726 676
723 750
829 879
829 838
840 810
840 839
840 838
834 835
879 878
899 898
911 912
912 919
924 925
798 800
798 799
800 790
800 801
799 797
790 792
790 794
790 791
790 788
792 787
794 787
794 811
794 752
791 714
788 777
788 789
787 784
787 771
787 764
787 786
787 767
787 762
784 785
771 770
764 763
764 767
764 765
786 779
767 759
767 740
762 759
785 759
759 760
759 728
760 768
760 809
760 810
760 727
728 727
728 724
768 769
809 808
809 810
809 825
810 818
810 655
727 707
769 781
769 732
781 749
781 807
781 782
732 730
749 806
749 743
749 748
749 718
807 808
807 813
806 808
806 804
743 730
743 744
748 805
748 746
718 719
808 825
804 805
825 824
825 826
818 824
655 656
824 856
856 853
856 851
853 864
851 864
851 848
851 839
851 850
864 863
864 862
864 866
863 868
863 862
863 871
862 848
862 843
866 867
868 857
868 876
868 869
871 867
739 778
739 737
739 738
778 775
778 797
778 737
778 777
737 704
737 734
738 700
738 734
775 712
712 714
714 720
714 711
720 722
720 763
720 717
720 721
720 700
711 695
711 709
711 713
722 731
722 715
722 707
722 716
722 741
763 766
717 713
700 670
700 702
700 701
731 730
715 713
715 664
707 708
716 706
716 713
741 742
730 729
729 706
729 747
729 699
805 816
816 817
817 832
817 814
832 833
814 776
833 846
846 848
848 847
848 843
848 849
847 841
843 836
849 852
841 844
841 842
844 857
844 836
844 845
857 858
836 837
836 647
845 860
858 859
876 877
876 887
1025 1024
1024 1026
1026 1027
1027 1015
1027 1023
1027 1028
1015 1009
1023 1013
1023 1031
1023 1022
1028 1000
1028 1032
1009 1010
1010 993
1010 1003
1010 976
993 992
1003 1001
1003 987
1003 998
976 986
976 975
976 971
976 988
684 682
682 683
682 691
683 675
691 689
675 673
673 671
671 670
670 672
670 622
670 644
672 674
672 709
672 658
622 621
622 601
622 575
622 570
622 657
622 619
622 625
644 621
644 645
674 695
709 710
658 657
695 705
705 706
706 648
706 699
648 666
648 708
648 651
648 638
648 649
699 666
699 719
666 659
666 626
666 719
666 667
666 665
666 633
651 606
638 637
638 639
638 628
649 650
659 661
659 660
626 631
626 635
626 660
626 614
626 653
719 696
667 642
665 668
633 630
661 685
661 654
685 681
685 687
685 698
685 688
685 669
654 653
681 680
687 686
698 697
688 697
669 668
680 733
680 679
733 837
679 652
647 640
647 643
860 880
860 643
860 861
880 881
861 872
881 882
882 883
882 885
883 889
883 885
885 884
889 891
889 888
891 890
891 892
888 895
983 984
984 982
984 990
984 985
982 981
990 989
990 992
990 991
990 995
981 979
979 977
979 980
977 978
621 623
623 624
601 595
601 572
575 576
575 571
570 571
570 569
570 566
657 662
619 616
625 624
595 596
595 617
595 588
572 568
596 604
617 616
617 618
588 568
604 603
604 589
604 550
604 606
604 605
604 584
603 631
589 585
550 548
550 553
606 605
606 597
606 642
605 627
605 587
584 585
584 555
584 547
631 614
631 632
631 630
614 611
614 630
632 553
630 650
635 636
635 610
635 652
635 609
636 641
610 607
609 592
609 608
641 640
640 602
602 577
602 599
602 600
872 877
872 873
873 874
887 886
887 884
886 893
886 894
893 894
894 895
486 484
486 467
484 493
467 449
467 456
467 468
493 491
493 496
491 494
496 497
494 495
495 500
500 497
500 501
992 994
995 997
558 557
557 576
576 328
328 326
569 568
566 322
566 365
566 574
568 582
568 574
582 583
574 529
574 573
574 556
583 586
586 585
585 587
548 542
548 488
548 553
548 547
548 549
553 542
553 552
553 563
553 592
542 541
542 528
542 519
542 417
542 530
488 412
488 489
547 528
547 525
541 545
528 526
519 478
519 520
417 478
417 413
417 414
530 531
545 546
546 544
544 559
559 561
559 560
559 482
561 560
561 562
560 565
560 600
560 475
560 590
482 478
565 577
565 564
600 599
600 590
600 607
475 473
590 592
590 591
577 567
577 578
564 567
567 534
578 579
534 518
534 507
518 507
518 517
507 506
507 521
507 513
517 521
506 521
506 505
521 461
521 396
513 514
513 510
505 503
461 462
461 424
461 445
396 473
396 424
396 395
396 419
462 463
424 425
445 444
463 457
457 452
452 450
450 449
449 447
449 443
447 451
447 454
447 442
447 456
447 448
443 446
443 442
443 387
443 421
451 454
454 458
454 455
454 453
458 459
453 464
459 460
497 498
498 499
501 502
43 42
42 41
41 32
41 52
41 23
32 33
52 50
23 22
33 21
21 20
20 19
20 25
19 18
25 26
18 24
18 9
24 37
24 28
9 1038
9 10
37 39
37 31
37 38
28 34
39 40
31 30
38 36
38 34
38 44
40 45
45 44
45 46
45 48
48 47
325 322
325 293
325 327
325 324
322 527
293 294
327 365
324 326
527 529
529 526
529 365
526 490
526 363
526 525
365 275
365 540
365 366
365 303
490 492
363 364
363 366
363 416
478 471
478 551
478 477
478 415
478 476
520 531
471 479
471 397
551 552
477 371
415 413
415 386
476 480
479 472
479 483
397 377
397 398
397 361
472 473
483 481
473 474
473 503
474 398
503 510
503 504
395 398
395 356
419 418
419 389
419 420
419 425
444 446
387 393
387 379
421 420
266 275
266 267
275 276
275 269
275 277
267 265
276 291
276 255
276 289
276 277
269 53
269 56
269 265
269 270
269 245
277 243
277 268
291 292
255 540
255 254
255 260
289 290
292 298
298 297
297 299
299 304
299 315
299 288
304 305
315 316
288 287
305 307
307 306
307 319
307 295
306 310
319 316
319 318
295 279
295 296
295 284
310 332
310 309
332 330
332 333
332 314
332 335
332 353
309 308
309 282
330 331
333 337
333 334
314 308
314 313
314 336
314 286
335 356
353 337
353 356
353 352
331 329
331 342
329 339
329 373
342 341
339 345
339 341
339 340
373 372
345 354
345 344
345 346
341 336
354 355
344 336
344 343
355 392
392 394
394 393
379 380
379 378
55 53
55 225
55 51
55 54
55 49
53 259
225 227
225 226
225 216
225 239
225 184
225 254
225 173
225 228
225 160
51 50
54 56
49 47
259 248
259 260
248 257
248 246
248 235
248 302
248 300
257 280
257 278
257 256
246 238
246 247
235 226
235 233
235 234
302 317
302 300
302 301
300 287
280 281
278 263
278 279
278 274
278 283
256 252
210 211
210 212
212 213
227 238
239 240
239 247
239 159
184 189
173 172
228 245
160 161
233 241
234 206
241 242
240 253
240 237
159 166
253 252
237 224
236 230
236 205
236 232
230 231
205 207
205 200
232 249
231 229
229 204
204 203
203 201
203 209
203 202
201 196
201 199
209 208
202 192
196 195
199 197
195 193
193 194
189 206
206 207
207 170
170 166
170 169
170 168
200 190
190 187
190 191
187 188
187 185
191 192
185 186
167 166
167 172
167 155
166 165
155 136
155 154
165 164
169 171
168 158
171 163
163 156
156 152
152 153
153 149
149 150
150 141
150 139
150 151
136 138
136 135
138 130
135 124
130 131
131 125
125 126
126 129
126 114
129 103
129 144
114 117
114 111
114 112
103 105
103 98
144 145
105 106
105 120
105 104
98 90
106 93
106 104
120 121
104 97
93 94
93 108
93 82
93 92
108 107
82 83
82 77
92 76
124 117
124 123
124 146
117 119
123 112
146 147
119 118
111 110
112 109
112 113
110 89
89 90
89 72
89 80
90 95
90 91
72 81
72 74
80 78
80 73
95 96
91 84
91 97
109 101
101 102
101 88
101 99
88 86
99 100
8 7
7 6
6 5
5 3
3 2
3 4
3 1
2 0
1 15
0 1037
1037 1036
1037 1038
1036 1035
1036 1032
994 996
1001 1002
1001 1000
987 988
998 999
1002 997
56 59
56 57
59 61
59 60
59 63
57 58
704 710
734 736
662 618
662 677
540 543
540 539
366 364
303 317
303 301
539 580
154 162
154 148
752 753
676 678
770 766
713 724
664 663
663 615
615 616
616 634
634 637
618 620
618 637
573 492
556 554
364 323
364 383
416 414
323 321
383 384
321 317
317 316
316 367
287 261
287 285
158 157
157 141
141 132
141 142
132 134
132 133
132 128
132 142
142 143
134 121
133 137
128 127
121 122
81 85
74 73
74 75
85 86
86 87
692 581
779 793
779 780
597 563
597 598
412 413
412 385
413 368
413 367
385 384
368 367
367 369
369 370
261 263
285 284
263 262
263 264
262 258
258 249
249 250
250 251
580 581
581 656
802 803
815 811
811 812
812 813
746 772
746 747
772 773
773 696
773 774
696 697
774 776
697 686
611 613
611 612
592 613
592 591
592 593
371 377
371 370
377 348
377 388
377 358
377 318
348 350
348 320
348 349
388 386
358 361
318 320
350 351
350 347
351 337
347 352
337 352
337 338
352 361
282 281
282 286
282 283
313 311
311 312
221 222
221 217
222 220
222 223
217 215
220 214
220 218
223 224
214 208
218 219
139 140
140 137
127 107
83 84
77 76
77 70
77 69
905 908
908 926
903 904
607 608
356 359
356 357
359 360
213 215
927 926
927 931
920 923
418 426
389 390
389 372
426 428
428 427
428 422
427 434
427 429
422 423
422 430
422 399
434 435
429 430
435 436
436 437
896 895
468 470
380 374
380 381
378 401
430 441
430 431
399 400
441 440
431 432
440 439
439 438
931 934
931 932
931 929
745 821
745 750
821 822
821 823
750 751
986 1014
975 974
971 958
971 968
1014 1013
1013 1012
1012 1011
1031 1030
1022 1021
1030 1029
1029 1035
1035 1033
1033 1034
15 16
16 22
16 17
907 906
906 904
826 852
702 703
1021 1020
1020 1019
1019 1018
1018 1016
1016 1017
1005 1004
1004 1006
1006 1007
1006 1011
1007 1008
960 959
959 961
961 962
961 963
963 969
946 945
945 947
947 948
948 949
949 950
950 951
951 952
952 953
953 954
954 955
690 689
646 645
677 678
620 629
629 627
627 628
593 594
26 27
27 29
29 30
36 35
34 35
265 294
265 268
245 243
245 244
554 555
480 481
481 485
485 487
487 514
514 515
514 524
515 516
524 522
294 290
361 360
391 390
343 362
362 376
376 375
375 374
381 382
401 407
401 403
401 400
401 402
407 406
403 404
406 408
408 409
409 410
410 411
252 251
175 174
174 176
176 177
177 178
178 179
179 180
180 181
181 182
996 997
10 11
14 13
13 12
12 11
969 970
970 972
972 973
973 974
955 956
956 957
957 958
968 967
161 162
148 147
164 145
796 795
795 793
740 742
274 272
875 874
934 935
934 937
932 933
929 928
929 930
935 936
937 938
432 433
404 405
197 198
186 183
183 182
70 71
69 67
67 68
78 79
115 118
115 116
965 964
964 966
966 967
736 735
61 62
63 64
64 65
65 66
273 271
271 272
538 537
537 536
536 535
535 533
533 532
532 522
522 523
504 508
508 509
509 511
511 512
938 941
938 940
941 942
940 939
942 943
943 944
470 469
466 465
465 464
