356 355
356 357
356 353
342 343
342 351
342 339
284 283
283 282
282 258
282 301
251 252
251 239
251 258
239 240
239 237
353 354
353 351
237 214
258 269
269 271
301 305
301 341
214 215
214 213
351 371
371 339
371 369
371 368
339 341
339 345
213 185
213 205
185 187
205 201
305 306
306 307
187 180
187 186
170 171
170 172
170 168
172 169
172 181
168 167
168 169
169 165
181 180
167 166
166 164
165 164
180 164
345 344
370 369
369 381
381 379
368 375
164 151
151 134
151 152
307 309
379 380
379 382
344 376
344 358
375 376
375 385
375 378
271 270
271 286
186 152
186 184
382 384
382 383
134 138
152 153
138 137
184 176
184 173
153 131
201 217
201 200
358 349
385 384
378 377
378 384
384 395
270 264
286 290
264 289
264 265
117 118
117 137
117 111
377 352
377 390
352 350
390 389
395 406
176 177
173 160
173 203
350 349
350 336
137 113
111 102
389 372
389 406
389 405
406 407
290 288
290 289
290 299
309 308
81 82
81 80
308 298
298 288
298 336
336 335
336 367
299 300
265 247
335 333
367 373
333 300
333 373
333 332
373 372
373 363
87 88
87 90
87 85
113 114
113 112
300 312
405 416
405 408
312 313
407 412
363 365
247 248
332 329
90 89
90 91
102 99
102 104
313 311
329 366
329 311
329 328
365 397
365 366
412 417
412 413
412 415
417 418
415 421
418 425
418 416
421 426
421 422
426 425
426 427
114 115
114 112
114 116
112 92
427 428
427 431
431 433
416 414
433 434
433 430
433 436
99 100
99 96
100 101
100 96
96 95
96 47
104 103
177 161
131 130
130 129
130 105
161 160
161 142
397 396
366 374
160 157
203 199
203 202
142 140
217 248
217 216
248 244
216 204
216 224
200 199
157 156
244 253
244 238
129 115
116 76
92 94
92 93
94 101
93 95
93 70
101 95
202 204
105 133
105 49
311 303
396 401
396 398
140 133
140 141
156 143
156 175
85 80
133 132
141 132
141 143
132 124
374 362
49 55
49 52
303 302
328 325
103 86
103 75
414 408
414 411
83 84
83 79
84 86
86 77
408 401
408 410
398 399
398 404
411 410
411 430
410 409
302 281
409 404
430 429
436 429
436 437
399 400
404 403
281 272
281 278
325 362
325 287
325 324
400 391
391 388
388 362
362 393
403 393
403 402
393 394
80 79
79 78
402 432
224 225
224 234
287 292
324 326
75 77
75 46
47 48
47 27
272 259
259 253
259 278
278 292
278 276
437 438
225 227
234 232
143 126
124 123
70 69
70 65
78 77
69 63
65 64
394 392
63 64
63 62
64 61
48 41
48 27
41 42
41 34
27 26
61 58
61 62
62 43
276 275
276 277
58 57
57 56
57 44
238 236
43 42
43 35
236 235
236 233
76 73
76 74
227 232
227 223
35 28
392 321
392 435
432 435
432 440
432 447
326 275
326 321
326 338
438 439
438 440
235 232
233 232
233 230
34 28
230 231
223 226
223 221
73 74
73 60
74 56
28 33
60 59
44 38
59 40
59 36
38 31
33 31
33 2629
226 231
221 222
231 222
231 219
222 220
219 218
220 198
40 36
40 32
36 54
31 32
218 211
218 249
198 212
54 55
54 53
53 2618
2629 2604
2629 2624
212 174
212 210
174 175
174 179
210 209
210 206
26 21
52 51
52 7
440 443
179 178
179 158
51 50
7 10
7 9
7 8
126 128
126 127
338 337
338 340
338 334
435 442
128 127
128 125
127 122
277 249
447 444
447 442
447 448
442 337
442 441
443 444
444 450
2618 2617
2618 2607
125 123
123 39
122 121
121 120
249 245
50 39
50 10
39 37
211 209
211 208
37 17
208 207
208 229
17 2615
245 256
245 246
450 456
448 454
340 296
334 330
441 455
120 119
120 2619
293 257
293 297
257 256
297 296
330 331
330 327
454 455
454 468
454 485
455 453
455 470
456 464
206 178
206 207
246 229
246 255
246 250
21 12
21 19
21 18
327 317
178 183
9 2622
8 2623
119 158
119 71
158 162
71 72
2619 2615
183 162
183 182
162 163
2615 2621
2615 2616
2622 2623
2622 2621
2623 2617
46 45
229 228
2621 2598
228 250
228 196
2598 2616
2598 2597
2616 2596
268 267
267 266
266 255
266 314
2604 2603
2624 16
2624 2627
2624 2625
2603 2607
2603 2591
2603 2608
45 29
2607 2509
250 254
2509 2512
314 317
464 467
464 473
29 30
474 475
474 473
474 476
453 419
470 452
470 471
419 423
468 467
468 482
485 484
482 479
473 476
476 477
476 487
487 488
487 497
497 501
12 16
19 18
18 15
254 285
196 193
2627 2626
2625 2620
2626 2620
2626 2630
2620 2594
501 502
501 498
501 527
479 483
479 480
163 182
163 150
502 503
483 495
495 498
527 523
2591 2594
2591 2592
2592 2582
480 481
481 484
2608 2552
2630 2631
30 25
523 524
2631 2632
2631 1
182 191
317 423
524 525
524 528
423 424
423 348
424 420
348 347
191 193
1 15
1 0
420 451
25 24
25 23
285 291
285 279
15 14
0 2
528 535
528 555
193 194
194 192
194 147
72 2606
72 2562
14 20
2582 2578
2582 2583
24 20
20 22
23 22
2578 2579
2583 2584
22 13
347 291
347 346
13 3
3 2
2 2639
2 2628
2633 2634
2633 2637
2512 2515
2512 2489
2512 2502
2552 2551
2552 2549
2639 2638
2628 2612
2579 2575
2638 2637
2612 2611
2637 2635
2635 2636
279 280
279 295
2611 2610
2611 2613
2610 2605
2613 2614
2605 2602
2606 2609
2609 2601
2602 2600
2602 2595
2600 2593
2593 2584
2595 2590
2590 2589
2590 2587
2584 2580
2580 2581
2562 2561
2581 2574
2574 2575
2551 2559
2551 2550
2549 2542
346 386
150 146
451 452
451 462
386 387
386 360
2575 2564
2575 2577
2596 2597
2596 2501
2597 2490
2564 2563
2577 2576
2563 2560
2559 2558
2558 2560
2560 2555
2576 2589
2555 2548
2550 2546
2548 2547
2546 2547
2546 2545
2546 2541
2545 2543
2541 2539
2543 2542
2539 2535
2535 2520
2542 2544
2544 2530
2530 2529
484 486
484 478
2520 2518
2520 2517
2515 2516
2515 2514
2489 2490
2502 2504
2502 2500
2518 2516
486 491
478 535
2529 2513
491 492
535 531
535 534
2514 2513
2587 2585
2587 2588
2601 2599
2513 2517
2513 2511
492 531
492 471
492 493
2511 2510
2586 2585
146 148
146 147
2510 2505
534 545
493 494
555 553
462 463
462 469
360 459
360 361
2445 2446
2445 2449
494 490
2490 2491
545 572
545 542
490 489
553 554
553 572
295 310
295 294
295 260
2501 2503
2501 2519
2491 2500
2491 2457
459 463
459 458
361 310
361 364
463 519
469 472
519 520
489 472
489 496
496 504
458 460
458 507
504 506
2561 2557
2561 2521
2503 2494
2503 2495
2519 2521
2494 2495
2494 2493
2495 2475
2521 2523
364 359
364 449
506 516
2557 2568
2568 2566
2523 2553
2523 2492
2599 2566
2505 2506
2505 2496
2504 2506
2504 2499
2499 2498
2496 2497
2497 2498
2457 2453
2457 2473
2457 2436
294 359
294 304
260 262
2498 2487
304 315
2487 2486
2486 2448
460 449
460 507
507 547
507 510
2448 2450
2449 2450
449 316
449 445
2566 4
2566 2565
315 261
315 316
315 320
262 261
4 148
4 6
2565 5
2565 2553
2565 2567
6 5
6 11
261 263
263 190
11 106
2567 2468
2492 2493
2492 2488
516 520
516 532
192 190
520 518
190 139
139 135
139 145
532 530
518 522
522 521
2475 2474
530 538
445 446
445 500
320 242
320 319
106 109
521 533
521 546
538 539
2488 2469
539 533
539 541
539 540
572 570
541 542
540 543
543 544
546 547
546 549
546 548
570 571
570 594
510 509
544 550
549 552
548 559
550 552
552 551
594 597
594 593
551 560
2474 2473
2474 2470
559 560
2469 2470
2469 2461
2453 2442
2436 2437
2442 2443
2442 2441
2470 2422
560 562
560 568
562 563
568 569
563 564
569 588
597 598
597 593
597 600
593 592
593 604
2450 2443
2450 2447
2447 2431
2441 2434
2431 2433
2433 2435
2434 2435
2437 2422
2437 2366
109 135
109 107
2468 2464
2468 2467
500 499
2422 2418
2435 2409
2409 2408
2408 2390
2418 2411
2366 2381
2366 2365
2411 2410
2461 2464
2461 2438
588 592
588 589
564 561
509 536
499 505
536 537
537 558
558 561
135 136
135 144
145 144
145 149
144 108
2438 2439
2438 2401
107 68
107 108
600 620
561 565
565 576
604 605
589 587
589 601
576 575
2467 2439
2467 2466
605 614
620 621
620 630
2390 2389
2390 2393
2390 2385
2393 2394
575 578
2389 2387
2387 2378
2378 2379
2378 2380
2385 2383
2383 2379
68 67
108 66
108 110
578 586
578 577
149 188
2410 2369
67 66
67 2570
586 587
577 582
110 2573
2369 2372
582 581
601 602
601 623
2570 2571
188 189
188 2573
2573 2572
2573 2556
2571 2569
2569 2531
2372 2373
2372 2377
2466 2528
2466 2465
2401 2398
2401 2397
2531 2572
2531 2528
2531 2527
2379 2355
189 243
243 242
243 241
2355 2357
241 273
2556 2554
319 318
319 323
2380 2381
2380 2367
2527 2538
2357 2348
2538 2537
2465 2403
2554 2540
2537 2540
2540 2507
614 625
2367 2368
2507 2508
625 626
2508 2476
626 623
626 629
626 627
273 274
505 508
505 573
602 607
602 623
602 603
623 624
318 515
323 322
508 515
573 574
573 567
515 517
2365 2373
2365 2362
517 556
630 628
630 640
581 580
574 590
590 607
567 566
2373 2331
2362 2360
566 580
580 579
580 599
579 557
599 613
557 556
613 608
556 529
529 526
526 513
603 606
624 636
2331 2332
513 514
2377 2398
2403 2407
2403 2392
2476 2485
2476 2477
629 628
627 631
606 608
628 645
640 641
640 646
2368 2356
2368 2361
645 644
2398 2397
2398 2364
2397 2364
2397 2396
274 322
322 512
514 511
2345 2346
2345 2348
2348 2344
2348 2349
2344 2356
2349 2347
2347 2309
2364 2363
608 611
608 609
636 637
636 650
636 632
631 632
2361 2360
2485 2483
2477 2440
512 511
2396 2392
2407 2406
2407 2400
2392 2395
2392 2391
2406 2404
2400 2391
2400 2399
2404 2405
2483 2484
2483 2482
2484 2478
2482 2481
2482 2525
2332 2334
2332 2333
2332 2301
2360 2337
2309 2297
2363 2354
2363 2353
511 466
511 591
466 465
591 595
465 461
595 610
595 596
610 609
596 634
596 585
609 611
609 612
2337 2336
2337 2339
461 197
461 457
197 195
457 583
195 97
583 584
611 639
2395 2358
2395 2391
2395 2341
639 638
639 633
2478 2479
2478 2463
612 634
2440 2430
2440 2444
2481 2479
2481 2471
2481 2480
2525 2526
2525 2480
2525 2524
2430 2432
2444 2451
2432 2412
2451 2460
2451 2452
2463 2460
2463 2462
638 637
633 661
2471 2472
2480 2421
650 652
632 647
652 651
652 654
652 653
642 643
642 641
2452 2456
646 644
2462 2458
2462 2472
2354 2359
2354 2353
2354 2352
2353 2334
2353 2351
2458 2456
2472 2419
647 651
647 648
2358 2359
2341 2340
2359 2352
97 2526
97 98
2333 2325
2301 2304
2336 2326
2339 2325
644 649
644 668
651 657
648 649
2326 2327
98 2533
657 656
2325 2327
2325 2323
2399 2402
2327 2321
2327 2324
2402 2412
2352 2351
2352 2342
2351 2350
2321 2320
2320 2319
2324 2323
2323 2295
656 654
656 655
668 670
668 669
668 675
653 659
2533 2532
2342 2343
2350 2343
2412 2413
2412 2414
2524 2532
2421 2419
655 674
2413 2417
2414 2375
2419 2417
2419 2420
659 660
2375 2374
2532 2522
2532 2534
2340 2338
2340 2317
2343 2311
2374 2338
2522 154
2534 2536
154 2459
154 619
154 155
2536 2455
2311 2312
2420 2415
2420 2427
2420 2423
2415 2416
2427 2454
2423 2382
2295 2296
2338 2335
2416 2425
2454 2455
2455 2459
2455 2429
2319 2297
2429 2426
2297 2277
2297 2292
2277 2273
2273 2274
2273 2272
2426 2425
2292 2293
2293 2257
634 635
2425 2428
2425 2424
2428 2388
2388 2384
2424 2370
2384 2382
2384 2386
2370 2371
2370 2238
2370 2376
2386 2329
2329 2328
660 661
635 663
619 622
619 662
619 615
155 159
585 584
2335 2330
2330 2328
2296 2284
2284 2285
2284 2271
2284 2288
2328 2322
2328 2260
2304 2286
2304 2303
2304 2294
584 622
661 658
661 673
674 673
674 669
674 680
663 664
663 665
663 666
2322 2083
2260 2265
2083 2071
2083 2072
2265 2264
2317 2316
2317 2318
2272 2229
2272 2244
2285 2287
2287 2286
2287 2279
2286 2289
2303 2294
2303 2302
2294 2289
2294 2282
2271 2270
2288 2291
2288 2223
2289 2280
2289 2278
2312 2313
2312 2300
2270 2266
2266 2267
2266 2255
2279 2291
2279 2280
2229 2230
2229 2217
2244 2241
662 665
615 618
2267 2268
2255 2251
2316 2315
2316 2318
2318 2305
664 658
658 677
665 666
2268 2257
2257 2256
2257 2258
2256 2249
2258 2250
2249 2248
2250 2246
2315 2314
2314 2299
2251 2247
666 667
2302 2307
2282 2283
2247 2234
618 617
618 712
617 616
616 159
159 2371
712 707
712 1451
2280 2276
2217 2187
2278 2275
2276 2275
2223 2222
2223 2210
2223 2182
2238 2237
2376 1448
673 676
677 678
676 688
2305 2306
2306 2308
2306 2262
2299 2300
2308 2264
2262 2261
2262 2252
2300 2298
2300 2290
2313 2310
2234 2233
2264 2263
2264 2139
2307 2310
670 671
670 675
671 672
2275 2269
2283 2281
2283 2269
2283 2228
2263 2259
2139 2136
675 682
2237 2071
2237 1839
2259 2254
2246 2240
2248 2242
2241 2242
2187 2177
2187 2125
2136 2137
2261 2254
2252 2253
2252 2243
2254 2245
2240 2239
2240 2236
2298 2253
2290 2281
682 681
682 679
2242 2239
2242 2219
2245 2208
2236 2235
2219 2218
2219 2201
2253 2178
2243 2212
2233 2231
2233 2209
2231 2232
2209 2210
2232 2226
1448 1449
1448 1604
2235 2225
2208 2212
680 679
680 693
2225 2226
2225 2224
2178 2180
2071 2072
2072 2065
2072 1834
2224 2221
2221 2220
1839 1856
1839 1834
2220 2215
2269 2222
2204 2205
2204 2176
2205 2218
2176 2177
2176 2150
2201 2200
2201 2155
681 695
2215 2207
2177 2151
2125 2151
2125 2126
2151 2150
2200 2206
2155 2150
2155 2152
2207 2206
2207 2203
2150 2120
2203 2197
695 694
695 701
2197 2196
2065 2063
1834 1835
2212 2214
2212 2216
2214 2213
2214 2216
2216 2193
2213 2111
2111 2143
2111 2058
2111 2108
2193 2191
2191 2174
2196 2190
2180 2138
2180 2163
2180 2179
2163 2169
2163 2167
2163 2135
2169 2171
2171 2167
2171 2170
2174 2175
2174 2165
2190 2192
2190 2186
2192 2194
2186 2185
2175 2160
2165 2143
2160 2159
2143 2142
2194 2195
2142 2140
2159 2144
2138 2140
2140 2114
2179 2144
693 692
693 691
2210 2202
2210 2211
2058 2061
2108 2109
2135 2130
2135 2099
2135 2132
2170 2227
2170 2153
2185 2161
2228 2227
2137 2063
2222 2181
2114 2113
2114 2109
667 683
2126 2119
2126 2124
2153 2154
2153 2141
2144 2145
2144 2127
2181 2182
2181 2104
2181 2168
2182 2184
2182 2168
692 694
691 696
2202 2173
2211 2199
2152 2149
2152 2105
2120 2119
2120 2064
2113 2128
2113 2099
2113 2107
2109 2107
2109 2110
2145 2134
2127 2128
2173 2158
2173 2172
2195 2198
2134 2133
2227 2100
2128 2130
2100 2129
2100 2103
2100 2097
2063 2061
2063 2039
2119 2124
2124 2122
2141 2131
2199 2198
2199 2188
2061 2037
2039 2037
2039 1908
2188 2189
2037 2024
2189 2166
1908 1910
1908 1906
2099 2098
2107 2117
2133 2101
2132 2131
2024 2014
2161 2162
2161 2158
2161 2156
2101 2102
1910 1838
1906 1883
2098 2087
678 686
678 689
2162 2149
2156 2147
2172 2146
2102 2092
683 705
683 685
2147 2157
2105 2115
2105 2095
694 700
2014 1991
2087 2116
2087 2088
701 702
701 716
707 706
707 866
1451 1450
705 706
705 685
705 704
685 686
685 684
2117 2116
2117 2110
2117 2023
2110 2000
2092 2089
700 697
700 709
2131 2129
696 699
696 697
696 714
1838 1883
1838 1835
1838 1841
688 687
688 699
1883 1882
866 913
866 734
866 867
2146 2148
2122 2059
2104 2103
2168 2078
2129 2090
1450 1449
1450 1446
716 709
716 719
2184 2183
2064 2066
2064 2068
2088 2089
2023 2000
2023 2022
2023 2016
2000 1995
2000 1998
2089 2090
2089 2052
2103 2106
686 689
689 687
689 690
2066 2081
2066 2067
2068 2067
2068 2060
2068 2046
2081 2084
2067 2069
2067 2050
2052 2042
2157 2148
2157 2121
1446 1056
704 703
2183 2164
2166 2164
2121 2123
2115 2112
2112 2118
2095 2096
2042 2040
2097 2031
2118 2084
684 708
2106 2025
2078 2079
2123 2093
2164 2091
2084 2086
2086 2082
2082 2080
2091 2073
2073 2074
703 708
690 718
699 698
714 713
698 715
1056 1059
2080 2069
2080 2096
2096 2085
2040 2038
2040 2041
2069 2056
2056 2055
718 711
718 717
1995 1994
1998 1999
1998 1993
1998 1977
1994 1991
1994 1990
2022 1984
2016 1971
2085 2093
2074 2075
2074 2077
708 710
708 735
2038 2034
2041 1987
710 711
735 734
735 733
735 751
2034 2031
717 726
2075 2076
2077 2049
1984 1985
1991 1990
1990 1999
1990 1966
2031 2027
2031 1963
2049 2048
2050 2046
2050 2055
2050 2045
2093 2094
1987 1985
2027 2020
1963 1954
1604 1856
1604 1605
2020 2009
1605 1603
709 732
1966 1965
1966 1964
1954 1958
1954 1951
1954 1950
2060 2059
2046 2047
2046 2035
2094 2029
2059 2043
2043 2047
2043 2044
2043 2004
2029 2028
2025 2006
2025 2026
2025 2032
1985 1986
2009 2007
2009 1953
2048 2013
2048 2053
2048 2051
2006 2007
2079 2070
2079 2062
2026 2057
2032 1946
1953 1951
2057 2070
2062 2054
1946 1949
2054 2053
2013 2017
2051 1959
2017 2019
1986 1974
1993 1992
1992 1989
1977 1975
1971 1988
1971 1972
1882 1885
1835 1722
1841 1748
1959 1956
1951 1952
1951 1923
1989 1988
1974 1973
1722 1721
2045 2036
1975 1965
2035 2036
2035 2010
2004 2005
2004 1979
1964 1885
1964 1968
1972 1973
2028 2011
2028 2030
2005 2010
2005 2002
1979 1980
1979 1982
2019 2018
2019 2021
2036 2033
2011 2012
2030 2018
2012 1996
2010 2008
2002 2003
2033 2001
2001 1997
2008 2003
2008 1976
1885 1832
1996 1997
1980 1981
1982 1983
2021 2015
1997 1970
1997 1948
1832 1833
1832 1768
1970 1969
1948 1945
2015 1961
1969 1967
1945 1947
1968 1859
1947 1931
2003 1981
1967 1961
1981 1978
1978 1976
1973 1958
1973 1928
1956 1955
1956 1957
1961 1960
1961 1962
726 728
726 733
726 730
1928 1929
1960 1955
1962 1932
1859 1840
1859 1860
732 722
732 731
1957 1901
1901 1874
1901 1900
719 720
719 722
1840 1833
1860 1846
1860 1861
722 723
722 724
1874 1873
1900 1890
1932 1933
1976 1944
1929 1880
1873 1847
1833 1846
1833 1800
1983 1936
1861 1880
1800 1798
1768 1774
1768 1767
1774 1769
1767 1766
1767 1799
1767 1763
1923 1912
1949 1921
1950 1893
1926 1927
1926 1921
1059 914
1769 1770
1603 1405
1721 1720
1721 1724
1748 1747
1748 1719
1770 1747
1770 1693
1798 1799
1798 1797
1921 1922
1921 1919
715 727
715 713
1893 1902
1893 1889
1893 1897
1922 1920
1919 1918
1880 1887
1880 1881
1902 1913
1913 1912
1889 1887
1897 1811
1920 1912
1912 1911
1811 1819
1811 1812
1811 1802
1720 1719
1724 1560
1719 1673
1747 1682
1881 1879
1918 1851
1847 1871
1847 1848
1847 1845
1911 1819
1819 1782
1879 1807
1851 1850
1851 1823
1871 1875
1848 1850
1845 1804
1682 1692
1682 1673
1682 1683
1875 1890
1823 1825
1673 1558
1673 1675
1944 1943
1936 1937
1936 1941
1936 1888
1890 1892
1825 1824
1560 1558
1560 1406
1560 1561
1693 1766
1693 1692
1937 1938
1804 1803
1804 1789
1941 1940
1888 1891
1940 1943
1892 1884
1891 1886
1891 1849
1933 1894
1933 1904
1692 1734
1692 1684
1884 1876
713 721
1894 1896
1894 1895
1904 1903
1896 1898
1898 1899
1943 1942
1943 1925
1895 1852
1899 1909
1899 1868
1909 1907
1868 1853
1907 1934
1903 1876
1931 1935
1931 1934
1931 1930
727 728
1876 1872
1852 1853
1852 1820
1852 1842
1872 1844
1853 1857
1763 1797
1763 1764
728 730
730 749
730 739
1942 1939
1939 1935
1925 1914
1930 1924
1844 1843
1820 1816
1842 1843
1857 1828
1924 1915
1914 1916
1914 1886
914 913
914 1407
1782 1802
1782 1793
1782 1781
1407 1405
721 725
721 737
725 729
737 736
867 925
724 741
731 729
731 738
751 750
738 745
1812 1807
1802 1751
1802 1801
1915 1917
1915 1905
1807 1795
1807 1780
736 752
1917 1916
1905 1869
1795 1794
1780 1743
1794 1796
1869 1870
1743 1744
1886 1877
1886 1855
1816 1813
1764 1765
1843 1817
1765 1733
1765 1709
1765 1759
1870 1829
1817 1818
1405 1406
1405 1404
1818 1806
749 748
739 740
1561 1557
1561 1519
1683 1675
1683 1678
1734 1733
1684 1678
1684 1685
1675 1632
1806 1805
752 753
752 744
1849 1855
1849 1821
1709 1686
1759 1760
1803 1808
1803 1738
1789 1775
1789 1788
1686 1685
1404 1403
1404 1402
1808 1824
1738 1740
1744 1745
1744 1746
1824 1809
925 924
925 1369
925 920
745 741
745 744
745 755
750 748
750 924
1796 1760
1745 1751
1746 1735
1775 1776
1788 1787
1877 1878
1855 1858
1855 1854
1878 1864
1878 1866
1751 1715
1864 1830
1864 1863
1866 1865
748 747
740 746
1829 1830
1829 1828
1828 1827
1828 1831
1685 1677
1801 1730
1809 1792
1791 1793
1791 1792
1791 1790
1790 1752
1403 1372
1402 1417
1781 1756
746 747
1863 1862
1776 1773
1776 1717
1735 1727
1715 1713
1827 1826
1831 1836
1752 1753
1805 1773
1805 1778
1678 1679
1557 1629
1519 1521
1519 1419
1826 1810
1632 1630
1632 1616
1778 1777
1810 1813
1717 1718
1629 1630
1836 1854
1836 1837
1777 1783
1813 1814
1813 1750
1679 1677
1679 1616
1616 1617
1616 1611
1814 1784
1784 1783
1750 1725
1865 1867
1725 1726
1372 1363
1372 1369
1372 1349
1417 1418
1862 1867
1418 1419
1727 1723
1727 1728
1419 1363
1783 1779
1783 1785
1787 1772
1787 1758
1723 1674
1728 1732
1740 1742
1740 1754
1740 1739
1753 1761
1753 1755
1753 1749
1674 1676
1779 1771
1785 1786
1772 1771
1758 1742
1732 1730
1676 1669
1676 1666
1713 1689
1754 1755
1739 1741
1761 1762
1762 1756
1756 1757
1749 1707
1730 1731
1730 1729
1718 1705
1741 1703
1669 1668
1668 1677
1668 1670
1731 1757
1729 1696
1707 1710
1786 1714
1666 1667
1666 1665
1705 1706
1705 1702
1867 1858
1696 1691
1696 1695
1667 1670
1665 1664
1677 1636
1821 1815
1821 1822
1670 1663
1689 1688
1664 1663
1664 1657
1706 1726
1706 1681
1702 1659
1636 1635
1636 1617
1636 1619
1703 1708
1703 1716
1703 1701
1681 1680
1663 1635
1688 1690
1688 1656
1690 1647
1656 1657
1656 1661
1635 1661
1635 1620
1691 1687
1695 1687
753 754
753 764
744 743
754 747
764 765
764 824
741 742
741 759
1647 1646
1647 1591
765 743
765 766
824 825
1710 1711
1687 1650
1646 1650
1646 1652
1591 1592
1591 1590
1650 1652
1714 1716
1714 1698
1652 1625
1652 1651
755 756
759 760
759 758
1708 1694
1694 1711
1701 1699
1698 1697
1625 1623
1625 1631
1651 1658
1651 1637
1623 1626
1623 1615
1631 1627
1697 1699
1626 1628
1615 1598
1615 1614
1699 1704
1699 1671
1627 1628
1627 1622
1628 1614
1628 1612
1598 1592
1598 1600
1658 1655
1637 1638
1637 1606
1704 1662
1671 1672
924 926
1711 1655
1711 1712
1837 1815
1592 1587
1600 1588
1600 1602
1590 1589
1590 1577
1587 1589
926 927
926 920
1620 1619
1620 1621
1662 1645
1589 1588
1589 1578
1712 1639
1617 1611
1617 1618
1611 1610
1672 1648
1680 1653
1680 1660
1659 1660
1659 1649
1815 1737
1618 1547
1618 1619
1610 1521
1610 1547
1639 1640
1547 1352
1612 1608
1363 1364
1577 1578
1577 1536
1653 1660
1653 1654
1660 1546
1619 1624
1737 1736
1622 1638
1622 1613
1613 1609
1648 1644
1648 1649
1648 1549
1578 1582
1578 1563
1602 1599
1606 1607
1606 1609
1606 1579
1736 1700
1608 1609
1608 1601
1599 1601
1599 1581
1640 1643
1640 1645
1640 1642
1645 1644
1645 1642
1607 1641
1607 1597
1641 1643
1597 1596
1597 1594
1581 1582
1581 1572
1700 1654
1700 1571
1579 1562
1579 1580
1642 1634
1634 1633
1364 1357
920 919
920 916
1546 1543
1546 1542
1571 1498
1571 1544
1563 1564
1563 1532
1536 1537
1536 1538
1572 1566
1549 1551
1549 1550
1633 1585
1352 1355
1566 1562
1566 1564
1566 1565
1498 1475
1498 1461
1544 1543
1596 1595
1594 1573
1349 1350
1475 1472
1461 1460
760 761
760 767
1357 1353
1357 1356
1621 1537
1355 1353
1355 1415
1543 1541
1542 1541
1542 1507
1542 1482
1624 1515
1541 1482
1595 1593
1562 1559
1580 1573
758 757
1472 1481
1472 1463
1472 1474
767 771
1460 1464
1460 1462
1559 1545
1545 1556
1545 1531
1545 1528
1593 1585
1573 1574
1573 1556
1585 1583
1585 1586
1583 1551
1586 1584
1551 1570
1584 1576
1574 1575
1556 1555
1556 1527
1537 1538
1537 1499
1565 1531
766 772
1531 1533
1531 1512
1576 1575
1576 1568
1532 1538
1532 1533
1538 1520
1533 1520
1533 1513
1568 1567
1567 1553
1482 1478
1482 1481
1515 1514
1464 1434
1434 1470
1434 1431
1499 1500
1499 1504
1520 1511
1507 1505
1462 1469
1500 1504
1500 1492
1504 1484
1505 1550
1505 1506
1570 1569
1550 1518
1469 1470
1553 1554
1553 1548
1553 1552
1514 1510
1554 1555
1548 1523
1552 1540
1523 1524
1510 1509
1518 1517
1540 1539
1506 1508
1506 1495
1509 1503
1503 1493
1492 1493
1492 1491
1527 1529
1527 1528
1493 1490
757 762
771 769
771 773
771 777
1511 1483
1511 1513
1511 1455
756 763
1517 1476
1517 1516
1513 1512
1569 1524
1508 1478
1478 1479
1478 1480
1495 1494
1484 1491
1484 1483
1528 1512
1528 1522
1350 1356
1350 919
1512 1496
772 774
1524 1530
1524 1525
1539 1535
1470 1463
1494 1476
1494 1480
1494 1452
1490 1491
1490 1443
1490 1444
1481 1479
1481 1435
1443 1447
1443 1444
1444 1442
1444 1428
1479 1438
1480 1438
1480 1452
762 763
1438 1435
1438 1437
1435 1436
1474 1422
1431 1430
1430 1416
1416 1394
1416 1421
1483 1473
1473 1468
1473 1454
1535 1529
1535 1530
1535 1534
1534 1502
1522 1486
1522 1526
1496 1486
1496 1497
769 768
769 770
1455 1456
1455 1458
1455 1399
1380 1379
1380 1394
1380 1373
1380 1345
1525 1516
1525 1526
1502 1501
1394 1373
1421 1422
1373 1374
1345 1341
1374 1375
1375 1377
1341 1335
1353 1354
1415 1445
1415 1429
1356 1358
1354 1362
927 871
871 836
871 869
1476 1477
1477 1459
1468 1447
1454 1456
1486 1485
1501 1487
1485 1487
1458 1497
1399 1400
1399 1387
1399 1346
1452 1453
1422 1423
1422 1420
1437 1426
1442 1445
1428 1429
1358 1002
1436 1423
835 823
835 836
823 825
825 821
821 795
821 879
869 868
869 870
868 870
868 879
870 911
916 915
1429 1393
1377 1378
1377 1376
1423 1420
1423 1426
1426 1425
1420 1395
1395 1384
1395 1378
1425 1427
1425 1424
1453 1441
1393 1392
1487 1489
1487 1488
763 775
1471 1489
1471 1465
1465 1467
1488 1440
1427 1432
1432 1433
1467 1466
1466 1457
1424 1383
1459 1457
1459 1439
1441 1433
1441 1439
1440 1409
774 794
774 775
774 780
773 776
777 778
777 782
1439 1414
795 794
879 876
1002 1008
1362 1360
1362 1228
1008 1009
1008 1233
1392 1388
915 917
1414 1411
1335 1330
1335 1334
775 779
775 780
780 783
780 840
1330 1331
1330 1316
1330 1334
1334 1333
1334 1329
779 776
779 784
784 783
784 790
840 841
917 911
917 918
1411 1412
790 787
790 793
841 787
841 877
841 839
1360 1388
1228 1310
1228 1231
1228 1202
876 877
876 875
876 912
1400 1401
1401 1408
1387 1388
1346 1371
1346 1348
1346 1344
1316 1315
1316 1314
1384 1378
1384 1383
1384 1382
1388 1367
918 964
918 875
918 929
1408 1413
1409 1413
971 964
971 1009
971 978
1367 1311
1367 1368
1233 1231
1413 1410
1413 1398
1231 1202
1412 1410
1412 1396
1398 1397
978 979
1397 1391
1311 1310
1311 1309
1368 1361
787 793
787 786
793 781
793 791
1309 1279
1396 1390
1396 1389
1361 1359
1315 1291
1314 1320
1314 1313
1279 1282
1383 1385
1382 1342
929 931
1391 1390
1391 1370
1391 1365
1389 1381
1370 1371
1365 1366
1381 1385
1366 1338
1333 1343
1329 1319
1376 1343
1343 1332
1385 1386
1202 1031
1202 1203
979 1022
979 972
1386 1339
1031 1036
1203 1204
1338 1336
1332 1328
1022 1036
972 955
782 781
782 785
785 788
1036 1038
786 826
791 792
839 846
1359 1214
912 902
1348 1347
1344 1351
792 789
1277 1243
1277 1351
1277 1272
1243 1246
1246 1198
1246 1256
1214 1210
1214 1215
1214 1107
1282 1211
788 789
1211 1212
1272 1253
1339 1324
1339 1340
1212 1213
1212 1187
1212 1204
789 805
826 828
1342 1340
1342 1326
1347 1265
846 842
846 845
1336 1337
1253 1256
1253 1252
1253 1118
1265 1266
902 900
902 842
902 904
1328 1319
1328 1323
1319 1320
1319 1317
1291 1261
1038 1103
1038 1039
1213 1210
1187 1188
1204 1142
1215 1125
1215 1198
1107 1108
1107 1126
1188 1190
1188 1142
1142 1100
1125 1126
1125 1195
1125 1116
1198 1195
1108 1190
1108 1109
1108 1103
1126 1127
1323 1322
1103 1100
1127 1116
1127 1124
1116 1124
1116 1117
1317 1318
1313 1269
1039 1033
1033 969
1033 1047
1124 1050
1117 1118
969 967
969 980
1047 1050
967 954
980 975
980 981
1050 1021
1021 1045
1021 981
1252 1266
1118 1098
931 930
930 961
930 900
930 937
955 954
955 961
1269 1287
1269 1263
1269 1234
1337 1301
1266 1280
1266 1101
1301 1300
1301 1298
1301 1297
1300 1290
1298 1285
1297 1295
1290 1292
1285 1284
1285 1289
1285 1273
1292 1276
1322 1321
1322 1308
1295 1283
1283 1284
1283 1268
1276 1278
1268 1267
1289 1288
1289 1281
1273 1254
1273 1274
1288 1325
1281 1275
1267 1257
1278 1280
1321 1318
1321 1307
1308 1327
1308 1307
1308 1312
1101 1102
1325 1275
1325 1324
954 952
845 834
845 853
1318 1303
1318 1293
1257 1255
1261 1264
1261 1225
1275 1274
1275 1245
1255 1254
1255 1221
1225 1226
1225 1180
1225 1186
1307 1304
1307 1305
1303 1302
1303 1299
1293 1286
1293 1294
1245 1244
1245 1223
1221 1222
1102 1098
1102 1218
1102 1066
952 953
952 944
1264 1263
1222 1224
1340 1249
937 941
904 903
904 897
1327 1326
1312 1306
1249 1250
1250 1259
1250 1247
1250 1248
1304 1302
1304 1299
1305 1294
1305 1306
1305 1296
1299 1294
1180 1179
1186 1185
1294 1296
1179 1173
1185 1184
1185 1194
1185 1189
1286 1287
1296 1251
1296 1270
803 804
803 805
803 798
805 813
1234 1237
828 822
828 834
813 822
813 814
814 815
798 796
798 799
834 833
833 832
853 860
853 851
941 944
941 928
944 928
928 903
928 932
953 958
958 975
958 957
1251 1240
1270 1271
1270 1262
1240 1242
932 933
1184 1175
1194 1193
1189 1166
1175 1169
1175 1176
1237 1236
1237 1238
1237 1235
1169 1165
1165 1166
1176 1177
1177 1193
1236 1239
1239 1242
1238 1227
1227 1229
1235 1209
1242 1232
1242 1241
1229 1193
1209 1241
1209 1201
1232 1230
1230 1216
1193 1167
1167 1164
1164 1152
1098 1054
1045 1044
1045 992
981 991
1173 1170
1173 1147
1262 1260
1166 1168
1166 1149
1168 1170
1149 1153
1147 1146
1153 1130
1146 1139
1260 1259
1260 1258
1044 1054
992 995
1201 1200
1201 1197
1247 1244
1248 1174
1218 1220
1066 1065
1258 1216
1054 1055
1055 995
957 950
1216 1219
1216 1217
991 990
1219 1207
1217 1200
1207 1208
1200 1199
1244 1205
1223 1224
1220 1224
897 860
897 898
1224 1104
851 848
1205 1206
1104 1105
1105 1106
898 907
898 899
1139 1137
1139 1128
1137 1138
1128 1136
1206 1099
1199 1182
1136 1115
907 906
899 892
1161 1151
1161 1154
1151 1150
1150 1152
1197 1196
796 797
799 802
1196 1154
832 831
831 830
1174 1172
1172 1171
815 819
1099 1075
1099 1097
1106 1062
1065 1028
906 901
906 905
933 934
995 990
995 994
995 996
892 882
892 891
990 984
848 847
950 951
1154 1155
1152 1141
1115 1113
1130 1131
1130 1123
1155 1156
1155 1143
1113 1114
1113 1110
1182 1183
1182 1163
1208 1192
882 874
891 890
1110 1111
1111 1122
1111 1112
1141 1129
1141 1143
1129 1131
1129 1133
1143 1140
1133 1132
1133 1134
1122 1123
1122 1119
1123 1119
1119 1120
984 973
994 999
996 989
1192 1191
1192 1181
874 873
1183 1191
1163 1162
1162 1156
1162 1148
1181 1178
1178 1171
1075 1072
1097 1088
999 998
1072 1074
1088 1085
1042 1043
1042 1041
1043 1028
1028 1027
1028 1023
1148 1144
1148 1157
1041 1053
1041 1040
1062 1052
1062 1060
1062 1051
1053 1052
1040 1020
1027 1018
1023 1003
1018 1015
1020 1024
1020 1014
1003 998
1060 1058
1051 1046
1074 1081
1074 1073
1074 1076
1085 1083
1085 1089
1085 1082
951 949
1058 1057
1081 1083
1073 1070
1076 1071
949 956
949 943
949 948
1089 1093
1093 1092
1082 1079
1070 1068
959 956
959 960
960 963
1046 1037
943 942
948 947
942 934
1079 1080
1079 1077
1079 1078
1071 1069
1071 1077
947 940
947 965
947 945
1037 1026
1037 1035
1171 1095
1171 1160
1092 1094
1092 1091
1092 1090
1094 1096
1091 1084
1090 1086
1096 1095
963 962
1084 1080
1084 1086
1086 1087
962 974
1160 1159
1068 1069
1068 1067
998 997
998 987
1026 1024
1035 1034
1159 1157
934 936
934 939
1015 1014
1015 1013
1015 1000
1024 1025
1034 1030
1067 1064
997 993
993 988
1080 1078
1077 1078
987 985
974 973
988 989
936 935
939 938
973 982
973 970
1064 1063
1057 1061
1057 1049
935 908
1030 1029
1030 1048
1030 1032
985 986
985 1013
1140 1144
1140 1134
989 983
938 940
938 922
1061 1063
1049 1048
982 983
970 968
1029 1025
986 976
976 968
976 977
1032 1019
968 966
1019 1016
908 910
922 921
922 923
965 966
945 946
1014 1012
847 844
1012 1011
873 864
1000 1001
830 838
830 829
921 901
910 909
905 909
864 865
838 837
829 827
837 843
827 820
909 896
909 895
890 881
890 889
890 888
1120 1132
1120 1121
819 811
819 820
819 818
865 855
844 843
844 849
844 850
896 889
895 893
811 812
818 816
812 810
881 872
872 863
888 887
855 852
855 863
855 854
849 852
850 856
854 856
893 887
893 894
816 817
856 862
887 878
887 885
862 880
862 861
1016 1017
1017 1010
880 878
861 858
1010 1011
1010 1006
1010 1004
885 883
885 886
1006 1007
1004 1005
802 800
802 806
800 801
806 807
807 810
810 808
808 809
858 857
858 859
1144 1145
1134 1135
1157 1158
883 884
