374 539
374 396
374 386
374 494
374 432
374 385
374 375
374 471
374 317
374 303
374 301
374 352
539 634
539 579
539 540
539 563
539 567
539 529
539 556
539 494
539 471
539 492
539 488
539 643
539 641
539 568
539 711
539 303
539 301
539 592
396 292
396 369
396 448
396 634
396 338
396 404
396 378
396 394
396 232
396 34
396 440
396 402
396 764
396 537
396 371
396 579
396 453
396 511
396 217
396 329
396 433
396 455
396 512
396 314
396 319
396 393
396 400
396 395
396 388
396 386
396 405
396 349
396 431
396 469
396 392
396 494
396 432
396 171
396 430
396 385
396 351
396 69
396 553
396 375
396 427
396 470
396 492
396 416
396 408
396 424
396 363
396 418
396 391
396 425
396 450
396 397
396 441
396 507
396 340
396 317
396 415
396 403
396 439
396 428
396 438
396 489
396 451
396 313
396 350
396 387
396 449
396 389
396 783
396 280
396 641
396 300
396 411
396 468
396 419
396 398
396 410
396 382
396 5
396 429
396 434
396 381
396 454
396 417
396 303
396 301
396 399
396 352
396 549
396 316
396 592
396 420
386 404
386 402
386 405
386 392
386 432
386 385
386 354
386 416
386 418
386 403
386 350
386 387
386 419
386 381
386 417
386 303
494 502
494 292
494 472
494 448
494 634
494 345
494 232
494 584
494 498
494 402
494 537
494 579
494 506
494 511
494 540
494 558
494 512
494 563
494 567
494 314
494 633
494 529
494 645
494 495
494 526
494 289
494 388
494 405
494 493
494 556
494 497
494 469
494 385
494 351
494 69
494 546
494 553
494 447
494 496
494 519
494 375
494 427
494 582
494 499
494 470
494 471
494 492
494 416
494 363
494 418
494 500
494 425
494 450
494 317
494 415
494 428
494 489
494 443
494 350
494 387
494 449
494 783
494 504
494 280
494 643
494 641
494 300
494 576
494 702
494 376
494 644
494 610
494 568
494 468
494 419
494 528
494 534
494 501
494 574
494 5
494 660
494 429
494 711
494 581
494 417
494 303
494 383
494 564
494 301
494 503
494 544
494 352
494 592
494 566
494 542
494 554
494 295
494 547
432 446
432 434
385 292
385 170
385 448
385 634
385 338
385 345
385 232
385 584
385 402
385 764
385 537
385 371
385 579
385 453
385 15
385 442
385 455
385 512
385 400
385 388
385 379
385 377
385 349
385 444
385 469
385 392
385 171
385 69
385 375
385 427
385 470
385 416
385 63
385 363
385 418
385 35
385 450
385 507
385 464
385 340
385 317
385 415
385 428
385 384
385 489
385 451
385 350
385 387
385 449
385 783
385 641
385 300
385 702
385 468
385 419
385 50
385 382
385 30
385 5
385 454
385 417
385 303
385 301
385 352
385 611
375 431
375 427
375 416
375 350
375 656
375 376
375 419
375 5
375 417
375 303
375 301
375 352
375 521
471 472
471 469
317 448
317 244
317 333
317 324
317 371
317 318
317 329
317 314
317 319
317 388
317 416
317 419
317 330
317 303
317 301
317 282
303 357
303 278
303 292
303 369
303 172
303 170
303 634
303 378
303 364
303 345
303 232
303 254
303 262
303 34
303 402
303 764
303 537
303 371
303 579
303 305
303 355
303 373
303 511
303 342
303 1
303 217
303 442
303 329
303 512
303 314
303 319
303 308
303 400
303 388
303 302
303 261
303 379
303 377
303 349
303 259
303 469
303 392
303 171
303 116
303 351
303 275
303 69
303 203
303 311
303 263
303 304
303 427
303 269
303 306
303 354
303 470
303 766
303 492
303 416
303 363
303 418
303 465
303 450
303 265
303 307
303 309
303 312
303 340
303 256
303 415
303 428
303 384
303 255
303 489
303 443
303 485
303 313
303 350
303 260
303 783
303 767
303 641
303 466
303 300
303 702
303 267
303 644
303 468
303 419
303 253
303 382
303 367
303 310
303 5
303 258
303 353
303 429
303 381
303 711
303 362
303 417
303 264
303 383
303 301
303 474
303 352
303 282
303 316
303 420
303 372
303 270
303 257
303 611
303 268
301 278
301 292
301 448
301 634
301 676
301 537
301 371
301 579
301 329
301 512
301 563
301 314
301 633
301 529
301 526
301 388
301 299
301 275
301 648
301 492
301 416
301 520
301 523
301 489
301 485
301 350
301 783
301 280
301 641
301 300
301 644
301 419
301 5
301 711
301 417
301 544
301 352
301 592
301 452
301 295
352 232
352 371
352 579
352 355
352 1
352 217
352 329
352 512
352 469
352 392
352 171
352 351
352 275
352 427
352 354
352 408
352 363
352 418
352 489
352 350
352 783
352 641
352 300
352 419
352 382
352 5
352 362
593 579
593 641
593 596
593 592
579 634
579 676
579 584
579 764
579 577
579 537
579 371
579 511
579 463
579 784
579 614
579 608
579 578
579 512
579 563
579 633
579 473
579 655
579 556
579 483
579 560
579 572
579 351
579 69
579 648
579 470
579 570
579 766
579 492
579 639
579 418
579 465
579 520
579 580
579 653
579 575
579 459
579 573
579 488
579 489
579 656
579 616
579 783
579 643
579 767
579 604
579 641
579 466
579 300
579 576
579 702
579 644
579 569
579 568
579 419
579 574
579 5
579 596
579 561
579 711
579 564
579 607
579 474
579 555
579 592
579 650
579 372
641 634
641 676
641 34
641 764
641 347
641 537
641 511
641 614
641 15
641 608
641 512
641 563
641 633
641 645
641 388
641 655
641 768
641 556
641 662
641 572
641 69
641 648
641 647
641 553
641 570
641 766
641 639
641 520
641 640
641 340
641 761
641 565
641 769
641 646
641 489
641 731
641 616
641 783
641 643
641 767
641 300
641 649
641 702
641 620
641 642
641 644
641 569
641 568
641 130
641 419
641 574
641 5
641 596
641 777
641 660
641 711
641 550
641 638
641 607
641 592
641 566
641 650
641 521
641 696
641 611
596 568
596 592
592 683
592 563
592 633
592 572
592 648
592 570
592 591
592 350
592 644
592 569
592 711
357 217
357 512
357 756
357 761
357 360
357 5
357 356
357 361
217 278
217 201
217 209
217 232
217 214
217 222
217 254
217 262
217 236
217 242
217 251
217 185
217 202
217 157
217 329
217 174
217 177
217 512
217 212
217 213
217 225
217 247
217 237
217 205
217 197
217 186
217 198
217 227
217 259
217 204
217 223
217 200
217 275
217 203
217 206
217 215
217 218
217 416
217 192
217 246
217 210
217 196
217 194
217 176
217 228
217 265
217 221
217 255
217 175
217 207
217 260
217 193
217 181
217 216
217 182
217 243
217 199
217 226
217 280
217 220
217 300
217 224
217 189
217 191
217 241
217 671
217 282
217 208
217 219
512 292
512 552
512 634
512 676
512 232
512 584
512 764
512 347
512 557
512 511
512 545
512 15
512 517
512 563
512 645
512 589
512 289
512 388
512 599
512 377
512 762
512 469
512 508
512 171
512 351
512 69
512 553
512 510
512 470
512 766
512 346
512 492
512 509
512 520
512 507
512 464
512 489
512 518
512 350
512 731
512 296
512 783
512 280
512 643
512 767
512 300
512 702
512 644
512 468
512 419
512 5
512 602
512 711
512 513
512 551
512 550
512 356
512 514
512 516
512 549
512 298
512 554
512 515
512 696
756 634
756 761
761 634
761 764
761 768
761 69
761 766
360 361
5 155
5 28
5 9
5 170
5 794
5 752
5 750
5 404
5 27
5 2
5 676
5 707
5 114
5 537
5 371
5 780
5 793
5 152
5 4
5 1
5 131
5 32
5 42
5 15
5 24
5 95
5 442
5 20
5 791
5 405
5 171
5 351
5 69
5 553
5 792
5 22
5 470
5 6
5 492
5 416
5 63
5 10
5 8
5 653
5 35
5 11
5 754
5 340
5 403
5 438
5 29
5 489
5 350
5 21
5 387
5 731
5 656
5 783
5 0
5 300
5 652
5 644
5 3
5 23
5 130
5 419
5 50
5 382
5 30
5 46
5 785
5 697
5 711
5 417
5 795
5 43
5 7
5 696
278 314
278 276
278 261
278 273
278 275
278 269
278 280
278 279
278 267
278 282
278 270
278 268
314 315
314 388
314 280
276 277
276 275
261 262
261 259
261 275
261 269
261 175
261 260
261 267
261 270
261 268
273 275
273 274
275 259
275 269
275 274
275 271
275 280
275 300
275 267
275 270
269 267
269 270
269 268
280 292
280 209
280 285
280 232
280 203
280 346
280 281
280 300
280 419
280 282
267 259
267 270
267 268
282 292
282 329
282 174
282 177
282 259
282 204
282 203
282 281
282 300
270 268
151 155
155 160
155 170
155 114
155 118
155 152
155 131
155 157
155 52
155 132
155 95
155 124
155 64
155 138
155 156
155 171
155 116
155 69
155 153
155 63
155 142
155 133
155 300
155 130
155 154
160 161
160 159
160 158
160 163
160 165
160 162
160 130
170 114
170 138
170 134
170 171
170 116
170 69
170 63
170 133
170 101
170 122
170 130
114 113
114 131
114 132
114 95
114 124
114 156
114 171
114 116
114 69
114 63
114 115
114 130
114 140
114 88
114 111
118 116
118 69
118 117
118 101
118 130
118 119
152 113
152 156
152 69
152 145
152 130
131 132
131 124
131 69
131 115
131 133
131 130
131 50
52 634
52 64
52 69
52 53
52 130
132 124
132 171
132 69
132 115
132 133
132 130
95 116
95 69
95 94
95 63
95 101
124 125
124 106
124 126
124 147
124 64
124 138
124 156
124 171
124 116
124 69
124 145
124 115
124 133
124 130
124 140
124 123
64 775
64 106
64 42
64 773
64 69
64 127
64 63
64 771
64 35
64 130
64 119
138 125
138 106
138 126
138 134
138 116
138 69
138 143
138 142
138 133
138 130
138 119
138 135
156 171
156 69
156 35
156 145
156 115
156 142
156 130
171 172
171 147
171 392
171 69
171 63
171 115
171 489
171 350
171 300
171 130
171 419
116 34
116 112
116 764
116 106
116 126
116 44
116 55
116 109
116 69
116 203
116 117
116 63
116 115
116 110
116 101
116 300
116 130
116 119
116 108
116 611
69 121
69 45
69 65
69 634
69 27
69 34
69 83
69 764
69 81
69 113
69 106
69 100
69 42
69 24
69 139
69 126
69 98
69 147
69 77
69 141
69 39
69 92
69 79
69 791
69 93
69 86
69 37
69 67
69 134
69 146
69 74
69 169
69 38
69 55
69 76
69 109
69 553
69 143
69 117
69 97
69 766
69 94
69 48
69 63
69 66
69 35
69 507
69 145
69 49
69 84
69 115
69 68
69 110
69 142
69 54
69 133
69 101
69 122
69 75
69 767
69 300
69 702
69 148
69 90
69 130
69 419
69 140
69 50
69 30
69 46
69 57
69 144
69 99
69 78
69 711
69 108
69 135
69 71
69 96
69 88
69 795
69 72
69 43
69 61
69 70
69 111
69 58
69 85
69 611
69 73
63 634
63 34
63 106
63 42
63 791
63 74
63 76
63 40
63 35
63 133
63 101
63 731
63 75
63 786
63 130
63 790
63 78
63 711
63 108
63 88
63 43
63 61
63 85
142 143
142 145
142 133
142 300
142 140
142 144
133 134
133 143
133 115
133 122
133 130
133 140
133 135
300 297
300 292
300 552
300 634
300 750
300 676
300 232
300 34
300 584
300 764
300 347
300 537
300 32
300 329
300 177
300 20
300 589
300 289
300 388
300 556
300 259
300 469
300 788
300 351
300 203
300 553
300 427
300 470
300 346
300 492
300 418
300 450
300 507
300 340
300 489
300 350
300 296
300 783
300 468
300 419
300 429
300 581
300 417
300 43
300 549
300 298
130 128
130 125
130 764
130 105
130 106
130 107
130 126
130 134
130 773
130 127
130 117
130 159
130 158
130 771
130 35
130 110
130 384
130 101
130 137
130 656
130 122
130 119
130 129
130 136
695 634
695 694
695 711
695 696
634 628
634 448
634 600
634 631
634 34
634 584
634 612
634 764
634 617
634 619
634 453
634 624
634 517
634 630
634 455
634 633
634 589
634 598
634 388
634 627
634 599
634 594
634 469
634 609
634 788
634 553
634 625
634 613
634 582
634 606
634 635
634 35
634 621
634 450
634 507
634 464
634 340
634 629
634 489
634 451
634 626
634 449
634 731
634 632
634 767
634 702
634 644
634 610
634 468
634 419
634 602
634 618
634 623
634 711
634 581
634 454
634 585
634 551
634 417
634 636
634 544
634 549
634 622
634 605
634 452
634 615
634 611
634 637
694 683
694 684
694 696
711 688
711 750
711 676
711 707
711 727
711 699
711 34
711 704
711 764
711 712
711 713
711 692
711 710
711 721
711 678
711 716
711 789
711 708
711 655
711 715
711 787
711 560
711 788
711 648
711 553
711 718
711 740
711 766
711 755
711 691
711 769
711 732
711 731
711 767
711 702
711 706
711 644
711 786
711 722
711 709
711 720
711 790
711 701
711 742
711 671
711 714
711 737
711 738
711 703
711 736
711 719
711 696
711 717
696 764
696 15
696 768
696 743
696 698
696 731
696 693
696 702
696 644
696 660
696 697
688 750
688 677
688 676
688 692
688 666
688 686
688 678
688 687
688 685
688 689
688 669
688 691
688 690
688 671
750 794
750 752
750 676
750 793
750 692
750 678
750 645
750 791
750 745
750 746
750 792
750 747
750 726
750 673
750 749
750 739
750 751
750 748
750 795
750 671
750 736
677 676
677 678
677 671
676 692
676 678
676 671
692 702
666 673
666 671
678 681
678 667
678 674
678 679
678 726
678 673
678 680
678 671
685 671
669 671
671 675
671 681
671 667
671 668
671 665
671 265
671 674
671 679
671 663
671 664
671 673
671 266
671 670
671 672
292 285
292 232
292 347
292 537
292 290
292 291
292 289
292 351
292 293
292 294
285 289
285 286
285 283
232 201
232 222
232 254
232 236
232 402
232 202
232 225
232 289
232 247
232 231
232 205
232 197
232 227
232 200
232 351
232 203
232 230
232 229
232 450
232 228
232 489
232 350
232 243
232 783
232 226
232 468
232 419
232 224
232 233
232 235
232 208
347 346
347 489
347 344
347 767
537 612
537 533
537 511
537 531
537 558
537 442
537 563
537 525
537 633
537 603
537 589
537 483
537 530
537 538
537 470
537 492
537 524
537 527
537 485
537 536
537 387
537 656
537 783
537 604
537 644
537 468
537 419
537 532
537 534
537 535
537 417
537 544
537 555
537 542
537 541
289 286
289 288
351 358
351 764
351 348
351 492
351 489
351 350
351 466
733 729
733 734
733 735
733 731
729 730
735 736
731 707
731 727
731 764
731 710
731 758
731 743
731 788
731 732
731 728
731 702
731 644
731 722
731 709
731 738
731 717
201 222
201 202
201 177
201 205
201 200
201 203
201 182
201 199
222 209
222 254
222 227
222 259
222 223
222 200
222 203
222 221
222 243
222 224
202 254
202 177
202 205
202 197
202 198
202 227
202 204
202 223
202 200
202 203
202 228
202 183
202 243
202 199
202 184
202 224
177 185
177 174
177 186
177 259
177 204
177 223
177 200
177 180
177 203
177 176
177 178
177 175
177 181
177 182
177 199
177 173
205 227
205 204
205 203
205 224
200 197
200 198
200 204
200 203
200 176
200 199
203 209
203 174
203 259
203 204
203 223
203 210
203 176
203 228
203 256
203 255
203 175
203 181
203 199
182 181
182 199
199 186
199 204
199 223
369 371
369 370
371 394
371 373
371 393
371 388
371 392
371 354
371 363
371 465
371 485
371 702
371 382
371 367
371 362
371 417
371 474
371 372
121 134
121 122
134 122
134 135
774 764
774 776
774 773
774 755
764 34
764 704
764 770
764 760
764 759
764 775
764 758
764 763
764 655
764 776
764 768
764 762
764 662
764 773
764 648
764 553
764 765
764 772
764 766
764 771
764 755
764 769
764 489
764 757
764 728
764 783
764 643
764 344
764 767
764 702
764 419
764 574
764 777
764 417
764 737
764 738
764 611
773 106
773 768
773 766
773 771
773 769
773 767
755 760
755 769
414 416
414 418
416 470
416 418
416 653
416 415
416 384
416 350
416 656
416 783
416 411
416 419
416 417
416 420
418 437
418 404
418 440
418 433
418 435
418 431
418 470
418 436
418 415
418 403
418 428
418 438
418 387
418 783
418 419
418 410
418 429
418 434
418 417
418 420
28 27
28 1
28 15
28 25
28 783
28 50
27 15
27 25
27 35
27 26
27 23
27 50
27 30
1 780
1 15
1 783
15 9
15 18
15 13
15 32
15 24
15 20
15 659
15 14
15 33
15 16
15 22
15 25
15 698
15 10
15 17
15 35
15 11
15 26
15 21
15 783
15 652
15 23
15 50
15 30
15 660
25 26
783 345
783 780
783 557
783 784
783 32
783 24
783 558
783 603
783 781
783 470
783 782
783 653
783 35
783 489
783 350
783 656
783 468
783 419
783 785
50 47
50 51
50 32
50 48
50 35
50 49
50 29
50 54
50 140
50 30
50 43
50 58
437 435
437 436
437 438
437 419
435 436
435 419
435 434
436 419
438 402
438 433
438 431
438 439
438 428
438 429
438 417
419 338
419 378
419 584
419 402
419 380
419 407
419 442
419 421
419 400
419 388
419 461
419 483
419 469
419 788
419 553
419 423
419 427
419 470
419 475
419 346
419 492
419 462
419 408
419 363
419 465
419 450
419 507
419 464
419 460
419 340
419 488
419 415
419 428
419 491
419 489
419 485
419 451
419 350
419 767
419 466
419 468
419 382
419 381
419 551
419 417
419 383
419 420
419 480
9 8
161 159
161 158
161 163
161 165
161 162
159 165
159 162
163 165
163 162
165 164
165 166
165 167
101 100
101 98
101 102
101 75
101 99
101 108
101 85
552 599
552 553
552 551
599 600
599 584
599 589
599 598
599 662
599 553
599 582
599 468
553 548
553 662
553 507
553 489
553 702
553 551
553 549
553 554
551 557
551 489
358 359
45 35
45 46
35 32
35 42
35 24
35 791
35 33
35 40
35 75
35 23
35 46
35 85
794 792
792 791
792 0
628 627
472 427
427 392
427 441
427 428
448 453
448 455
448 589
448 388
448 594
448 469
448 450
448 451
448 449
448 644
448 468
448 454
448 544
448 611
453 455
453 388
453 469
453 450
453 451
453 449
453 468
453 454
453 452
455 388
455 469
455 450
455 451
455 449
455 468
455 454
455 452
589 584
589 587
589 598
589 594
589 609
589 582
589 606
589 590
589 468
589 581
589 585
589 541
589 615
589 611
388 345
388 584
388 334
388 329
388 658
388 469
388 470
388 520
388 450
388 489
388 451
388 350
388 387
388 449
388 468
388 454
388 452
594 582
594 606
594 595
594 597
594 585
594 605
594 615
594 611
469 563
469 788
469 470
469 450
469 451
469 449
469 468
469 454
450 345
450 402
450 428
450 451
450 449
450 468
450 602
450 454
451 449
451 468
451 454
451 452
449 468
449 454
644 707
644 633
644 645
644 788
644 648
644 570
644 489
644 387
644 643
644 702
644 568
644 544
644 714
644 542
468 600
468 467
468 345
468 584
468 483
468 582
468 470
468 363
468 464
468 340
468 489
468 581
468 454
468 535
468 417
544 536
544 652
544 610
544 547
611 34
611 612
611 609
611 613
611 606
611 610
611 602
611 615
244 243
243 250
243 324
243 248
243 242
243 251
243 329
243 247
243 227
243 252
243 246
243 228
243 240
243 241
243 341
18 20
18 19
20 21
20 30
335 324
335 337
335 340
335 336
335 330
324 333
324 338
324 345
324 332
324 329
324 319
324 320
324 337
324 339
324 325
324 323
324 340
324 327
324 321
324 336
324 326
324 330
337 338
337 332
337 339
337 340
337 328
337 336
337 330
340 333
340 338
340 345
340 329
340 339
340 507
340 466
340 336
340 417
340 341
336 330
330 329
330 328
330 327
330 331
600 584
600 598
600 601
600 582
600 597
600 585
584 38
584 582
584 470
584 500
584 581
584 585
598 582
598 581
598 585
601 582
582 583
582 597
582 561
582 581
582 585
597 585
585 561
478 482
478 477
478 476
478 479
478 489
478 481
478 480
482 477
482 479
482 489
482 481
477 479
477 492
477 481
476 466
476 480
479 480
489 463
489 442
489 563
489 490
489 470
489 475
489 487
489 486
489 492
489 465
489 571
489 507
489 488
489 403
489 491
489 485
489 350
489 466
489 702
489 481
489 480
481 480
480 488
480 466
250 251
250 247
250 241
251 247
251 252
247 248
247 227
247 246
247 241
241 236
241 248
241 238
241 246
12 11
333 338
333 345
333 334
333 329
333 319
333 327
338 329
338 339
345 402
345 329
345 339
345 470
345 363
345 428
334 329
334 327
329 318
329 319
329 328
329 327
327 328
325 323
321 322
752 753
752 754
752 643
754 758
754 743
643 645
643 648
643 766
643 639
149 150
149 146
149 140
150 146
150 140
146 147
146 169
146 143
146 97
146 145
146 148
146 140
146 144
140 139
140 143
140 145
140 144
209 259
209 223
209 206
209 210
259 204
223 174
223 227
223 204
223 228
223 224
210 211
286 287
286 288
283 284
657 656
656 658
656 483
656 653
656 411
656 652
34 55
34 766
34 41
612 609
612 610
617 619
617 618
624 623
633 563
609 610
609 452
788 707
788 787
788 470
788 507
788 786
788 790
625 622
606 605
606 615
767 768
767 766
767 771
767 769
767 702
767 738
702 704
702 759
702 758
702 700
702 768
702 662
702 705
702 470
702 766
702 465
702 738
702 372
610 652
610 534
610 547
581 38
417 404
417 402
417 563
417 405
417 431
417 392
417 470
417 766
417 408
417 403
417 428
417 406
417 30
417 429
605 452
793 791
645 648
645 652
745 744
745 746
745 740
746 744
746 740
746 747
746 748
747 748
726 724
673 681
673 674
673 682
739 740
736 740
736 738
404 405
404 470
404 403
404 384
405 403
405 350
405 429
470 402
470 400
470 415
470 428
470 420
403 350
403 429
384 653
23 22
30 32
30 31
30 29
30 21
30 43
91 85
85 83
85 76
85 84
85 75
85 90
85 99
85 78
85 88
364 365
364 485
485 484
485 558
485 483
485 524
394 393
393 387
402 428
402 381
428 430
428 441
428 439
428 350
428 387
128 126
126 125
126 106
707 706
254 227
254 263
254 255
254 264
236 227
225 231
225 227
225 226
225 224
231 193
197 198
197 224
227 188
227 187
227 204
227 230
227 234
227 228
227 193
227 226
227 224
227 189
227 233
230 187
230 189
230 233
228 204
228 224
350 349
350 412
350 387
350 367
226 224
224 204
208 207
125 106
106 104
106 105
106 107
106 108
106 88
188 187
188 204
188 189
187 189
204 174
189 190
263 264
255 256
255 258
255 257
262 265
265 266
47 49
49 51
49 48
49 54
699 658
699 705
699 701
658 652
705 758
701 703
55 56
55 108
766 758
766 655
766 768
766 662
766 765
766 771
766 769
766 738
41 44
41 36
38 39
38 37
440 446
440 387
440 434
446 434
387 433
387 430
387 443
387 411
387 542
381 354
381 382
113 115
115 70
88 87
88 74
88 97
88 89
88 75
88 90
88 78
88 96
88 43
88 70
770 771
759 758
775 768
775 771
655 650
768 771
768 769
648 743
648 647
648 639
648 649
648 650
772 771
771 769
737 738
81 82
380 382
382 355
382 354
382 353
382 383
531 530
531 528
558 559
442 475
442 441
442 420
563 608
563 529
563 562
563 556
563 519
563 570
563 492
563 520
563 569
563 568
563 561
563 564
525 524
525 527
603 604
483 524
492 473
492 556
492 487
492 465
492 653
492 488
492 466
492 561
492 474
524 527
536 534
536 535
534 535
534 547
555 556
542 543
373 372
354 353
465 466
465 372
367 342
367 366
367 362
367 368
474 463
474 473
51 48
780 778
780 781
778 779
540 529
567 568
567 566
529 562
529 526
529 568
556 570
556 561
488 466
568 565
568 591
568 566
60 61
61 62
61 74
61 59
407 415
248 249
248 246
246 245
463 461
463 462
463 466
614 639
608 607
560 564
572 661
572 570
570 520
570 571
570 569
570 566
520 519
653 654
459 475
459 462
459 460
459 466
616 620
466 461
466 456
466 475
466 487
466 462
466 460
466 457
564 546
650 646
650 649
650 651
433 430
433 429
400 401
400 420
431 408
431 429
431 399
430 429
408 409
424 425
425 426
397 398
397 399
389 390
398 399
117 119
117 120
506 519
242 237
145 141
145 144
185 186
185 181
186 176
186 181
181 176
461 462
342 343
108 109
108 103
108 110
32 29
32 21
21 24
587 586
587 588
183 184
192 191
196 193
194 195
194 193
100 98
98 99
42 43
43 76
710 708
710 722
710 709
708 709
722 723
722 709
709 717
683 684
684 693
545 550
659 660
660 661
238 239
721 720
720 740
180 178
178 179
554 548
147 169
77 86
77 78
86 76
78 74
78 76
78 75
681 682
674 664
421 422
789 787
787 786
44 36
39 37
92 93
458 457
457 456
288 287
79 80
168 167
143 144
76 74
76 75
740 741
740 742
97 96
97 58
74 75
74 70
75 90
75 70
445 444
786 790
447 443
504 505
271 272
54 58
256 257
311 312
521 523
521 522
724 725
487 486
257 253
257 258
412 413
137 136
