1465 1464
1464 1466
1464 1462
1464 1476
606 605
605 609
605 556
605 662
1345 1344
1344 1343
1344 1346
1344 1349
1344 1332
1410 1409
1409 1408
1409 1406
1409 1400
1409 1416
780 779
779 778
779 782
917 916
916 928
916 915
916 918
916 913
916 922
916 878
916 929
577 576
576 578
576 580
576 549
576 604
804 803
803 805
805 801
805 806
998 997
997 999
999 1000
999 1001
999 1026
297 298
298 299
298 295
295 294
295 296
295 293
903 902
902 906
902 901
1062 1063
1063 1064
1063 1070
1063 1037
1063 1060
1063 1089
1063 1072
1063 1104
1063 1047
410 407
407 415
407 450
407 406
407 239
407 490
407 312
466 467
467 468
467 465
465 480
465 451
712 713
713 714
713 709
713 711
713 706
713 695
713 697
1426 1425
1425 1419
1425 1428
1425 1412
1425 1430
1425 1424
1720 1719
1719 11
1719 1718
1455 1454
1454 1456
1456 1457
1457 1471
1457 1453
1722 1721
1721 11
1721 1718
726 727
727 728
727 729
729 721
729 733
730 731
731 732
732 725
732 733
43 42
42 39
42 41
983 982
982 980
982 985
982 988
639 640
640 641
640 642
640 631
640 622
640 625
545 544
544 542
544 540
1195 1194
1194 1148
1194 1199
1194 1202
653 652
652 654
652 650
455 454
454 469
454 480
454 419
1013 1012
1012 1005
1005 1006
1005 1020
304 305
305 306
305 321
305 319
98 97
97 96
96 94
96 92
96 76
96 118
1168 1169
1169 1170
1169 1164
1366 1365
1365 1348
1365 1375
1365 1368
1365 1384
1365 1367
1365 1352
443 442
442 441
442 445
1423 1422
1422 1387
1422 1419
1422 1403
1422 1436
1422 1468
1021 1020
1020 995
1020 992
1020 1053
1696 1695
1695 1697
1695 1652
1695 1694
64 63
63 50
63 62
61 60
60 50
60 62
51 52
52 53
52 50
1008 1009
1009 1011
1009 1019
1009 1010
1009 962
1009 1032
50 29
50 27
834 833
833 837
833 835
833 887
1619 1617
1617 1616
1617 1618
1617 1620
1617 1595
1617 1652
1617 1597
1617 1615
1617 1644
775 774
774 772
774 778
632 631
631 630
631 625
841 840
840 843
840 873
840 838
840 822
937 945
945 926
945 944
945 958
945 943
945 975
464 463
463 462
462 461
461 471
461 459
461 460
461 447
461 446
478 477
477 475
475 476
475 471
475 473
1024 1023
1023 1031
1023 1022
1023 1002
518 517
517 512
517 537
517 515
517 508
71 70
70 85
70 55
70 66
117 116
116 131
116 115
116 87
116 66
57 56
56 67
56 58
364 365
365 366
365 363
365 369
365 372
365 343
365 352
365 362
365 370
493 492
492 490
492 508
492 498
331 332
332 333
332 335
332 351
332 340
332 322
332 334
336 335
875 874
874 876
874 842
874 880
874 883
800 799
799 801
806 802
806 796
806 815
1222 1225
1225 1223
1225 1226
1225 1228
1225 1227
1225 1220
1225 1224
1225 1233
1225 1216
1225 1229
1225 1212
90 89
89 92
89 88
1025 1026
1026 1027
1026 1035
1026 1028
1026 1004
1026 923
1026 1047
850 851
851 852
851 849
851 925
851 950
894 893
893 895
895 896
895 891
895 897
618 619
619 620
619 635
619 621
619 650
619 603
619 643
619 607
619 604
1044 1043
1043 1045
1043 1041
1042 1041
1041 1035
1041 1045
551 550
550 549
550 554
550 552
550 540
550 538
550 604
1684 1683
1683 1675
1683 1685
1683 1681
1683 1673
1683 1678
1683 1669
1676 1675
1675 1666
1675 1677
813 812
812 814
812 811
1627 1626
1626 1623
1626 1633
1626 1614
394 395
395 396
395 400
395 393
289 290
290 291
290 292
290 288
288 283
283 293
283 287
283 282
283 284
283 260
611 610
610 614
610 612
1647 1648
1648 1649
1648 1642
1648 1650
1648 1644
582 584
584 583
584 585
584 586
584 587
584 588
584 596
584 592
584 575
584 562
584 555
589 588
1493 1492
1492 1491
1492 1486
1492 1505
1077 1076
1076 1072
1072 1070
1072 1091
1072 1068
1072 1078
1072 1079
1072 1061
1072 1073
1072 975
1072 1093
1071 1070
1630 1629
1629 1628
1629 1633
485 484
484 487
484 486
488 487
487 486
676 678
678 677
678 674
678 679
678 661
678 625
673 674
674 675
162 161
161 160
161 163
1635 1636
1636 1637
1636 1634
1636 1638
1636 1633
1437 1436
1436 1462
1436 1468
1436 1392
193 195
195 194
195 196
195 197
195 200
195 171
195 189
195 201
195 227
215 216
216 218
216 219
216 217
216 319
216 214
216 66
216 234
1284 1283
1283 1282
1283 1281
1128 1127
1127 1125
1127 1129
482 481
481 480
480 479
480 474
480 489
480 473
480 483
430 429
429 427
427 428
427 417
1140 1139
1139 1161
1139 1150
1139 1118
832 831
831 836
831 825
1167 1166
1166 1151
1166 1172
1166 1155
1166 1165
1166 1181
1166 1099
1665 1669
1669 1670
1669 1667
1669 1668
1669 1671
1669 1679
1669 1663
1669 1664
1669 1666
1669 1673
1669 1658
1669 1687
1669 1672
1573 1572
1572 1574
1572 1590
230 231
231 232
231 229
231 235
231 239
231 234
1309 1311
1311 1310
1311 1312
1311 1324
1311 1291
1311 1308
1311 1313
872 871
871 873
873 885
1459 1458
1458 1442
1442 1444
1442 1446
1442 1443
1504 1503
1503 1495
1495 1488
1495 1496
1495 1538
1495 1477
1495 1490
1488 1487
1488 1541
1496 1479
1496 1497
1538 1541
1538 1506
1538 1556
1477 1478
1477 1500
1477 1462
1477 1486
1477 1476
1490 1513
1490 1475
1490 1486
95 94
94 92
1018 1017
1017 1015
1017 1019
520 519
519 527
519 509
519 508
528 527
527 530
527 529
527 516
527 541
527 515
531 530
530 529
501 502
502 503
502 504
502 499
502 506
1293 1292
1292 1297
1292 1273
1292 1298
307 308
308 309
308 302
308 312
1507 1506
1506 1501
1506 1498
1506 1500
1506 1427
1506 1529
1506 1551
1506 1525
1506 1505
615 614
612 637
612 613
612 604
809 810
810 811
811 793
811 814
811 822
811 798
811 808
811 807
102 101
101 100
101 99
534 533
533 535
533 532
1054 1053
1053 1050
1053 1065
1053 1105
1053 1052
1053 1090
1053 1087
1053 1058
1053 929
1053 1104
1066 1065
1065 1075
1379 1380
1380 1381
1380 1391
1380 1368
1380 1383
1016 1015
1015 1019
432 431
431 428
428 417
386 387
387 388
387 385
385 323
385 411
1176 1177
1177 1178
1177 1179
1177 1170
1177 1175
1059 1057
1057 1108
1057 1039
1057 1058
1057 1036
1121 1120
1120 1108
1120 1119
1109 1108
167 176
176 166
176 177
176 175
176 182
176 178
176 214
176 165
1173 1172
1172 1174
818 817
817 820
817 815
1612 1611
1611 1606
1611 1607
1611 1614
749 748
748 752
748 750
159 158
158 157
157 133
157 154
157 217
157 179
157 127
157 74
157 126
511 510
510 506
510 515
860 859
859 863
863 864
864 865
864 876
1200 1199
1199 1204
1199 1198
500 499
499 505
499 507
499 498
740 739
739 741
741 743
743 747
747 781
781 783
781 778
787 786
786 789
786 785
786 784
786 766
786 788
9 8
8 7
7 6
7 2
844 843
843 842
716 715
715 717
717 718
717 724
908 909
909 910
909 1058
909 956
909 754
909 924
909 1036
579 578
578 580
311 310
310 300
310 320
26 27
27 28
27 33
27 40
27 29
27 44
27 11
32 33
33 34
33 36
259 258
258 300
258 238
1584 1585
1585 1586
1585 1588
1588 1587
1588 1589
1588 1580
1588 1590
206 207
207 208
207 209
207 205
1083 1084
1084 1085
1084 1086
1086 1095
1086 1090
1086 1087
1086 1075
1086 1082
655 654
654 650
378 379
379 380
379 377
377 372
377 384
377 376
1579 1580
1580 1581
1580 1640
1580 1578
1580 1574
1206 1205
1205 1201
1205 1186
1205 1175
1205 1251
91 92
92 93
278 277
277 254
254 256
254 239
1470 1469
1469 1471
1471 1475
250 249
249 246
246 247
246 303
246 243
246 238
248 247
271 270
270 273
270 263
245 244
244 240
244 252
241 240
240 243
1217 1216
1216 1234
1216 1213
526 525
525 524
524 522
522 523
522 539
522 514
522 521
522 532
522 506
522 538
1117 1116
1116 1125
1116 1115
1439 1440
1440 1441
1440 1453
1440 1482
1440 1384
1440 1443
794 793
793 788
1485 1484
1484 1446
1484 1487
892 891
891 890
771 772
772 773
772 778
1625 1624
1624 1604
1624 1653
723 722
722 725
722 724
1540 1539
1539 1537
1539 1550
1296 1295
1295 1252
1295 1294
1295 1308
1295 1301
1184 1183
1183 1153
1183 1191
1518 1517
1517 1514
1517 1527
1517 1530
1517 1511
1515 1514
600 599
599 596
599 595
1246 1245
1245 1244
1244 1241
1241 1240
1240 1239
1240 1224
689 690
690 691
690 688
690 687
690 696
690 686
1502 1501
1501 1498
627 626
626 633
626 622
634 633
633 637
1364 1363
1363 1362
1363 1445
1608 1609
1609 1610
1609 1605
1609 1596
1609 1644
21 20
20 235
20 1644
1645 1644
1644 1640
1644 1643
1644 17
339 338
338 348
338 327
338 337
338 347
344 343
343 345
343 330
356 357
357 358
357 360
357 353
357 359
403 404
404 405
404 402
402 401
402 400
543 542
542 540
1657 1656
1656 1646
1656 1682
1656 1688
301 300
1280 1279
1279 1278
1279 1285
1279 1271
35 36
36 37
36 38
36 39
494 495
495 496
495 497
495 498
220 222
222 221
222 223
222 224
222 225
222 181
222 228
222 227
222 243
1351 1352
1352 1347
1352 1354
1352 1358
1352 1336
1352 1368
1352 1353
1359 1358
1358 1360
1358 1356
1051 1050
974 975
975 977
975 978
975 969
975 967
975 971
975 976
975 1046
975 973
975 956
975 965
970 969
1557 1556
1556 1522
1556 1562
1556 1567
1556 1555
886 885
885 838
1472 1473
1473 1474
1473 1513
1473 1475
1473 1482
1473 1383
1481 1482
1482 1483
1482 1522
1030 1029
1029 938
1029 964
1029 1036
1029 1093
1114 1113
1113 1110
1113 1093
930 929
929 928
929 927
929 925
1710 1711
1711 1712
1711 1697
1711 1715
1711 1709
848 847
847 853
847 846
1552 1551
1551 1545
1551 1525
1551 1563
315 316
316 317
316 314
314 313
313 303
313 312
1247 1248
1248 1249
1248 1259
1248 1210
1258 1259
1259 1260
1259 1263
1499 1498
1498 1500
636 635
635 651
266 267
267 262
267 279
267 282
267 257
267 268
264 263
263 273
263 274
263 265
263 257
536 535
535 540
1713 1715
1715 1714
1715 1716
1715 1717
1715 1709
1715 17
15 14
14 16
14 17
939 938
938 947
938 1001
938 887
946 947
947 948
947 890
947 1093
638 637
637 664
1429 1430
1430 1431
1430 1450
1430 1428
1430 1412
1430 1424
1430 1432
1451 1450
1450 1452
1450 1468
1034 1033
1033 1035
770 769
769 777
777 760
777 761
777 776
777 766
1003 1002
1002 1022
1002 987
1002 964
968 967
972 971
566 567
567 568
567 560
567 565
567 575
567 555
470 469
469 479
469 473
953 952
952 943
952 979
658 659
659 660
659 656
656 657
656 650
1508 1509
1509 1510
1509 1460
1509 1549
1221 1220
1220 1232
581 580
580 604
1521 1520
1520 1522
1522 1512
1480 1479
1479 1489
1479 1476
1152 1151
1151 1131
564 565
565 563
565 593
565 597
565 562
1421 1420
1420 1434
1420 1416
1124 1125
1125 1122
1125 1123
1125 1149
1125 1153
1125 1126
881 880
880 883
880 901
1299 1301
1301 1302
1301 1300
1301 1290
1301 1289
854 853
853 858
1101 1096
1096 838
1096 1100
1096 1098
1096 906
989 990
990 991
990 995
990 965
1163 1162
1162 1161
1162 1170
1162 1164
1162 1153
994 993
993 996
996 1039
996 924
1286 1287
1287 1267
1287 1263
1287 1288
424 423
423 418
423 426
423 425
423 422
650 649
650 651
650 662
710 709
709 708
624 623
623 622
622 630
622 607
622 625
1038 1039
1039 1040
1039 1036
1463 1462
1 2
2 3
2 4
2 1706
2 47
46 47
47 48
47 45
47 49
1171 1170
1218 1219
1219 1208
1208 1207
1208 1209
1208 1253
1208 1264
1208 1214
1270 1271
1271 1272
1271 1250
1271 1307
1271 1278
1271 1294
1271 1251
1622 1621
1621 1641
1621 1633
1621 1607
1621 1614
389 390
390 391
390 392
390 376
168 169
169 170
169 173
173 174
173 165
5 4
4 6
6 0
6 31
174 178
165 166
165 150
165 152
165 119
165 124
165 234
392 393
392 375
392 398
392 412
392 408
392 383
376 373
376 381
708 707
1175 1187
924 927
924 922
924 914
924 942
965 960
965 957
965 966
858 857
858 900
1434 1433
1434 1427
1416 1417
1131 1135
1131 1133
1131 1132
1232 1215
1232 1231
1232 1234
1460 1461
1549 1548
1549 1578
1549 1550
943 942
979 980
979 986
16 78
17 19
17 18
540 539
540 538
540 555
651 648
1263 1266
1263 1211
1263 1314
303 302
312 302
312 323
312 411
846 855
846 845
1110 1136
1110 1099
1093 1091
1093 1092
1093 1032
1093 1099
1093 1047
1093 1094
897 904
897 890
497 506
497 508
497 498
498 411
1001 981
471 472
473 472
473 474
401 400
400 397
400 399
1590 1591
1590 1574
1590 1653
235 302
235 234
1362 1335
1445 1449
1445 1461
1445 1435
1500 1468
1239 1242
596 595
595 602
595 597
1153 1149
1153 1159
1153 1187
1191 1192
1191 1252
1191 1187
1191 1289
1537 1511
1550 1548
1550 1536
725 724
724 718
724 719
724 736
1604 1594
1653 1705
1653 1654
778 783
778 788
890 889
890 882
904 905
904 907
904 923
1487 1497
788 776
788 807
1115 1104
1122 1106
1122 1123
1123 1118
1149 1150
243 237
243 242
243 253
243 251
252 255
252 251
273 274
274 272
274 275
256 257
239 242
239 302
209 213
209 204
205 211
205 198
205 204
238 226
320 327
320 337
320 318
604 549
604 558
604 603
604 607
718 719
719 720
720 721
506 521
506 505
506 507
506 515
515 513
515 512
515 516
752 750
752 763
750 757
763 764
763 759
763 762
763 742
763 737
763 757
763 807
757 753
757 761
757 758
757 751
820 819
820 821
820 815
815 816
1174 1185
1119 1157
1119 1138
323 324
323 361
323 347
411 409
417 421
417 420
417 412
417 409
417 419
1019 1014
1019 1032
1075 1074
100 99
99 108
99 120
99 124
1574 1575
1574 1578
1574 1564
1574 1561
1574 1308
836 901
825 824
825 823
1129 1145
1129 1130
1129 1138
1282 1281
1281 1274
1274 1275
1274 1276
1274 1273
1274 1262
1274 1277
1274 1265
1274 1290
1638 1623
1638 1642
1633 1628
1633 1639
1633 1643
1633 1650
160 164
160 156
163 164
163 172
163 141
486 479
1628 1623
1628 1614
393 397
393 384
814 816
814 822
1045 1048
1048 1049
1048 1047
88 83
67 62
67 66
58 22
58 44
62 233
62 1718
441 444
441 448
441 434
445 444
445 453
445 434
1164 1160
321 322
319 318
1006 1014
41 40
41 44
733 734
11 12
11 13
11 10
1718 0
1718 1694
451 456
451 450
451 457
451 449
451 483
451 440
906 911
782 784
191 192
191 190
192 199
190 187
1686 1680
1686 1687
1680 1663
1680 1664
1680 1678
1687 1685
1687 1655
1687 1689
199 198
198 202
198 186
601 597
601 625
597 602
597 629
597 594
597 593
597 598
597 592
597 591
597 625
625 679
625 629
625 594
625 630
1269 1267
1269 1314
1267 1268
1314 1316
1314 1315
1314 1320
1316 1318
1318 1338
1318 1319
1347 1346
1651 1652
1651 1650
1650 1632
1333 1334
1333 1330
1334 1335
1330 1328
1330 1336
233 234
234 214
1339 1338
1339 1341
1341 1340
1341 1328
707 706
707 704
1444 1448
1448 1447
1447 1411
1641 1639
1639 1646
178 179
856 861
856 855
861 866
855 862
764 751
751 753
751 746
751 758
751 808
751 756
1325 1326
1325 1324
1326 1335
23 25
23 44
25 24
25 22
553 552
553 555
555 554
555 558
555 548
555 630
555 575
555 562
555 556
1095 1097
1097 1104
1104 1130
1104 1089
617 616
617 628
616 603
628 643
146 147
146 145
147 144
145 140
698 700
698 699
700 703
699 688
699 697
699 704
415 416
416 434
123 78
123 125
125 180
125 124
255 261
261 260
797 796
797 798
796 802
796 792
796 790
798 795
1602 1606
1602 1601
1606 1607
1606 1614
1601 1569
1601 1599
1601 1600
692 693
692 701
693 680
693 703
701 703
701 702
1703 1592
1703 1702
1592 1591
1702 1701
149 150
149 106
106 105
106 121
491 483
491 490
490 489
1185 1188
1185 1190
80 79
80 76
79 81
76 75
76 77
72 69
72 74
69 68
74 81
74 77
74 118
74 1709
68 45
68 73
68 113
1243 1237
1243 1242
1237 1236
30 31
30 55
55 65
1534 1533
1534 1536
1533 1532
1533 1535
1533 1530
1533 1564
1533 1511
1536 1535
1536 1531
1536 1575
143 142
143 153
142 148
142 66
153 184
153 144
153 140
153 126
1568 1569
1568 1563
1569 1597
1563 1559
369 368
368 367
367 359
959 955
959 964
955 954
955 962
964 961
964 963
964 921
964 981
649 648
648 644
648 645
648 647
667 663
667 669
663 665
669 666
669 670
669 671
666 665
665 668
665 664
665 643
668 671
671 680
671 682
1275 1276
738 742
738 737
742 745
742 737
737 736
459 458
458 460
458 456
458 457
406 433
433 434
433 435
434 447
434 446
418 422
422 425
422 420
422 408
1372 1371
1372 1361
1371 1370
1371 1386
1371 1373
1361 1369
1361 1357
1343 1350
1350 1348
1478 1476
1476 1419
1476 1452
905 887
887 921
887 888
86 85
86 87
87 112
87 65
1491 1468
1468 1467
359 360
837 839
839 889
839 829
839 882
1317 1315
1317 1332
1332 1331
1236 1238
1236 1235
351 350
350 349
350 342
350 353
350 354
350 352
1661 1659
1661 1663
1659 1660
1659 1662
1663 1664
789 790
790 791
790 792
1031 1032
1032 1022
546 547
546 541
547 541
541 509
541 562
133 120
120 118
1595 1596
1596 1593
1596 1576
1596 1567
1100 1099
1099 1098
1099 1102
1099 1092
1099 1133
12 10
10 13
10 24
180 181
1105 1103
1103 1107
849 754
754 755
621 613
613 609
1519 1546
1519 1516
1546 1547
1516 1438
1516 1512
1532 1511
1511 1561
819 824
681 680
681 682
682 683
682 688
949 1111
949 950
1111 1112
950 899
950 976
1706 1708
1708 1707
426 425
420 421
408 409
75 73
574 560
574 575
560 561
560 573
560 562
575 559
575 590
1348 1349
1449 1438
1438 1443
325 328
325 326
328 330
326 324
326 318
330 329
1342 1340
1342 1357
1357 1356
869 862
869 870
870 879
1399 1398
1399 1396
1398 1393
1396 1397
1396 1387
1396 1395
19 104
104 18
104 128
104 103
104 107
104 119
104 126
104 124
1137 1135
1137 1136
1135 1136
1135 1147
1136 1146
1136 1133
1056 1060
1056 1055
1060 1061
1055 1061
1055 1067
1055 1049
202 203
203 212
203 211
1355 1354
1355 1329
1329 1327
661 755
661 662
82 84
82 77
84 83
1704 1705
1704 124
124 119
899 900
156 155
156 139
1631 1613
1631 1632
1613 1605
1660 1677
1677 1662
1677 1678
644 643
643 645
643 646
154 127
127 119
127 126
348 347
347 346
347 337
347 374
347 362
1068 1067
1067 1069
345 352
352 349
352 329
1322 1321
1322 1323
1321 1328
1323 1320
122 135
122 121
135 136
121 128
1297 1298
1298 1305
1298 1291
129 126
129 130
126 134
126 103
126 139
1007 940
1007 1010
940 941
940 931
940 923
1010 1004
1010 962
81 83
1565 1566
1565 1560
1566 1570
1560 1547
1560 1562
1560 1555
59 54
59 65
54 49
795 791
1700 1707
1700 1698
1698 1699
557 591
557 556
591 662
556 509
556 508
556 662
926 925
925 920
925 973
340 341
341 342
1250 1251
1251 1201
1251 1252
572 573
572 569
573 570
573 571
569 561
569 570
569 571
1494 1489
1494 1497
322 329
1337 1331
1337 1336
1192 827
827 828
260 262
260 276
136 138
136 137
1369 1370
237 236
236 177
944 951
951 966
951 956
951 942
951 1036
1028 1047
1047 962
257 253
257 251
934 931
934 923
931 933
931 932
931 936
923 933
923 907
923 921
923 935
923 962
857 828
828 826
828 755
1307 1305
1305 1304
1305 1303
759 758
758 756
1701 695
695 696
563 562
562 559
1691 1692
1691 1690
1692 1690
1692 1693
1690 1688
1693 1689
1693 1694
1688 1689
1688 1682
1145 1144
1144 1154
1144 1143
155 152
152 151
1189 1190
1189 1181
1181 1207
1181 1209
1181 1180
960 957
957 958
1415 1414
1415 1427
1414 1417
1414 1393
1427 1433
1014 988
373 371
371 361
371 370
1467 1466
915 914
914 884
1405 1407
1405 1406
1407 1408
1406 1404
1523 1524
1523 1525
1524 1526
1525 1528
1525 1505
1526 1528
1553 1558
1553 1554
1558 1559
1554 1544
1554 1555
1107 1106
1528 1529
1529 1542
670 672
672 686
1376 1378
1376 1373
1378 1377
1378 1385
1378 1375
1373 1374
1373 1384
1204 1203
1203 1207
1203 1202
1203 1214
514 513
1593 1594
1198 1197
1197 1196
346 337
337 327
337 361
1256 1261
1256 1257
1261 1262
1257 1214
1257 1255
134 139
139 137
762 765
765 767
686 684
686 683
686 685
686 687
686 704
711 1186
1186 1187
1188 1193
1193 1196
785 784
1394 1393
1394 1424
1393 1400
1393 1385
1393 1392
1424 1402
734 735
1052 1046
1304 1303
1303 1306
1306 1308
212 211
211 210
211 213
399 414
399 398
399 384
1112 1118
1182 1210
1182 1180
1210 1211
1180 1157
1180 1165
200 201
201 186
201 204
228 227
227 175
227 226
877 868
877 878
868 866
868 845
878 867
878 898
878 879
878 884
452 448
452 453
448 447
453 446
1544 1541
1541 1543
1541 1559
1233 1235
1235 1238
1335 1327
1699 1694
1397 1412
866 867
866 845
1411 1413
414 413
413 409
413 419
1360 1367
1367 1374
151 138
703 704
449 440
440 439
440 437
440 435
185 183
185 187
183 184
183 182
187 188
187 186
1134 1092
1134 1132
1132 1133
1132 1141
1603 1582
1603 1605
1582 1583
1583 1576
920 919
919 918
1577 1571
1577 1576
1571 1570
898 913
1413 1401
1401 1402
1401 1395
1401 1386
188 189
112 113
113 114
113 110
113 109
113 108
113 141
131 132
132 140
280 272
280 284
272 269
284 279
284 281
284 287
148 144
115 114
735 776
776 808
171 172
646 647
1154 1156
1156 1158
1156 1157
1158 1157
1570 1567
932 935
935 936
935 962
760 761
761 756
830 829
830 835
835 807
961 962
962 963
962 954
962 941
962 936
1531 1530
1530 1527
111 110
111 109
110 108
109 108
1545 1542
1542 1543
1327 1300
590 592
592 598
140 141
684 683
608 609
608 607
607 630
745 746
746 744
1160 1159
1159 1150
1148 1147
1147 1155
1147 1146
105 107
685 694
694 687
694 696
1230 1229
1230 1211
1229 1234
1211 1212
1211 1266
1377 1374
1277 1278
1308 1561
1102 1165
823 821
1391 1392
1392 1382
1392 1404
355 360
355 354
354 353
744 756
1674 1666
1674 1673
1673 1678
767 766
767 768
1435 1443
1265 1264
1264 1294
1404 1400
1404 1418
1679 1682
1682 1681
1081 1080
1081 1082
1080 1079
1080 1074
1082 1088
1082 1073
1078 1079
1564 1561
537 548
537 538
508 509
204 210
384 383
1386 1388
119 118
1614 1615
1138 1142
275 279
275 265
1642 1643
1036 1037
883 911
1512 1513
1512 1562
1452 1428
1709 66
1285 1289
1285 1294
1234 1254
1213 1202
1213 1215
1607 1598
1607 1600
1383 1389
987 966
987 984
987 988
419 412
985 992
985 986
1074 1069
1387 1389
1389 1384
1389 1388
911 912
375 374
375 361
374 383
361 362
370 324
370 362
1037 981
1254 1231
1254 1255
1231 1214
1255 1253
1255 1268
1291 1294
1597 1599
1597 1598
845 826
1382 1385
1382 1375
435 436
435 437
439 436
439 437
436 437
437 438
702 706
702 697
702 704
281 286
281 276
286 282
286 285
276 285
276 269
882 888
888 907
1662 1664
1088 1089
1088 1073
1073 1049
1073 1069
992 986
986 984
398 409
1685 1689
1155 1141
1141 1142
1209 1212
704 705
942 984
1599 1600
1598 1615
1615 1643
1575 1561
210 213
1142 1143
1143 1146
548 538
287 285
826 884
1417 1418
1390 1395
1390 1403
1390 1388
1403 1402
1681 1658
1658 1655
1664 1678
1290 1289
265 269
269 253
1433 1418
1214 1215
807 808
1253 1266
1266 1268
696 697
1655 1643
381 383
381 382
