 # i        j         
 0          1         
 0          429       
 0          426       
 0          11        
 1          7         
 1          2         
 2          3         
 2          6         
 2          429       
 2          430       
 3          4         
 4          19        
 4          411       
 4          428       
 4          26        
 5          58        
 5          411       
 5          14        
 5          6         
 5          11        
 6          12        
 6          7         
 6          8         
 6          10        
 6          11        
 7          12        
 7          13        
 8          9         
 9          10        
 10         11        
 11         14        
 11         17        
 11         12        
 12         13        
 12         15        
 13         14        
 13         17        
 13         16        
 14         16        
 15         16        
 15         58        
 15         429       
 16         21        
 16         17        
 16         29        
 16         54        
 16         35        
 16         427       
 17         18        
 17         28        
 17         21        
 18         39        
 18         20        
 18         19        
 18         29        
 18         427       
 19         24        
 19         20        
 19         30        
 20         21        
 20         22        
 21         29        
 21         28        
 22         23        
 23         24        
 24         29        
 24         25        
 24         27        
 24         30        
 24         31        
 25         26        
 25         31        
 26         32        
 26         29        
 26         31        
 26         37        
 26         30        
 27         28        
 28         35        
 28         29        
 29         32        
 29         30        
 29         41        
 29         31        
 30         33        
 30         32        
 30         31        
 31         41        
 31         426       
 31         45        
 31         39        
 31         38        
 31         32        
 31         33        
 31         34        
 32         33        
 33         35        
 33         39        
 33         34        
 34         37        
 34         39        
 35         36        
 35         38        
 35         40        
 35         37        
 36         38        
 36         37        
 37         41        
 37         38        
 38         41        
 38         46        
 38         39        
 39         40        
 39         54        
 39         44        
 40         41        
 40         43        
 41         44        
 41         43        
 41         58        
 42         43        
 42         48        
 43         44        
 43         56        
 44         45        
 44         53        
 44         59        
 45         55        
 45         46        
 46         49        
 46         50        
 46         47        
 47         48        
 48         49        
 48         50        
 48         56        
 49         51        
 49         50        
 50         51        
 50         53        
 50         52        
 51         52        
 52         53        
 53         54        
 53         58        
 54         79        
 54         58        
 55         56        
 55         57        
 55         60        
 56         59        
 56         57        
 57         58        
 57         59        
 58         75        
 59         60        
 59         64        
 59         61        
 59         101       
 59         63        
 59         75        
 60         61        
 60         63        
 60         62        
 61         63        
 61         62        
 61         75        
 62         63        
 62         64        
 63         64        
 63         67        
 63         69        
 63         65        
 64         66        
 64         65        
 64         75        
 65         70        
 65         69        
 65         66        
 65         67        
 65         68        
 66         68        
 66         67        
 66         69        
 66         70        
 67         68        
 67         69        
 68         70        
 68         69        
 69         70        
 69         71        
 70         71        
 70         72        
 70         73        
 72         73        
 73         74        
 75         77        
 75         78        
 76         80        
 76         79        
 76         77        
 77         78        
 77         80        
 78         101       
 78         80        
 78         102       
 78         79        
 79         80        
 79         81        
 80         81        
 80         84        
 80         83        
 80         82        
 80         96        
 80         90        
 80         86        
 81         92        
 81         82        
 81         84        
 82         88        
 82         85        
 82         83        
 83         87        
 83         85        
 83         84        
 84         86        
 84         90        
 84         87        
 85         87        
 85         91        
 85         86        
 86         88        
 86         87        
 86         93        
 86         90        
 87         88        
 88         91        
 88         89        
 88         90        
 89         90        
 89         91        
 90         92        
 90         93        
 90         91        
 91         92        
 91         93        
 92         93        
 93         94        
 93         95        
 93         98        
 94         97        
 94         95        
 94         96        
 95         98        
 95         96        
 96         98        
 96         99        
 96         102       
 96         97        
 97         98        
 98         99        
 98         103       
 98         102       
 98         100       
 99         100       
 99         102       
 99         103       
 100        101       
 101        108       
 101        102       
 101        103       
 101        112       
 101        122       
 102        105       
 102        104       
 102        103       
 102        124       
 103        104       
 104        108       
 104        106       
 104        107       
 104        105       
 104        113       
 105        106       
 106        107       
 107        108       
 108        110       
 108        111       
 108        109       
 109        110       
 110        112       
 110        111       
 111        113       
 111        115       
 111        112       
 112        113       
 112        116       
 112        114       
 112        120       
 113        117       
 113        120       
 114        115       
 115        117       
 115        116       
 116        120       
 116        117       
 117        119       
 117        118       
 118        120       
 118        119       
 119        120       
 119        121       
 120        122       
 121        122       
 122        123       
 123        127       
 123        124       
 124        126       
 124        127       
 124        125       
 125        126       
 126        127       
 126        130       
 126        128       
 127        129       
 127        139       
 127        135       
 127        128       
 128        129       
 128        130       
 128        131       
 129        131       
 129        134       
 129        130       
 130        131       
 130        134       
 130        133       
 131        132       
 131        135       
 133        134       
 133        135       
 134        137       
 134        135       
 135        136       
 135        137       
 135        138       
 135        140       
 137        138       
 137        144       
 137        151       
 138        146       
 138        141       
 138        139       
 138        157       
 138        143       
 138        140       
 139        151       
 139        165       
 139        147       
 139        143       
 139        140       
 140        141       
 140        143       
 140        142       
 140        146       
 141        148       
 141        149       
 141        142       
 141        143       
 142        143       
 143        146       
 143        147       
 144        145       
 144        151       
 145        151       
 145        146       
 146        147       
 146        149       
 146        148       
 147        148       
 147        149       
 147        165       
 148        149       
 148        156       
 148        150       
 149        150       
 149        157       
 149        156       
 150        156       
 150        154       
 150        151       
 151        154       
 151        153       
 151        152       
 151        165       
 151        155       
 151        157       
 152        153       
 153        159       
 153        155       
 154        157       
 154        155       
 154        158       
 154        162       
 154        160       
 155        160       
 155        156       
 155        157       
 156        160       
 156        157       
 156        169       
 156        158       
 157        160       
 157        158       
 158        159       
 158        162       
 159        166       
 159        160       
 160        166       
 160        161       
 161        162       
 162        163       
 162        164       
 162        165       
 164        165       
 165        169       
 165        188       
 165        166       
 166        167       
 167        168       
 167        170       
 168        171       
 168        169       
 170        173       
 170        172       
 170        171       
 171        173       
 171        172       
 171        176       
 172        174       
 173        175       
 173        174       
 173        178       
 173        425       
 174        178       
 174        175       
 174        176       
 175        176       
 176        178       
 176        177       
 177        178       
 177        296       
 178        179       
 179        181       
 179        180       
 180        182       
 180        181       
 181        184       
 181        183       
 181        182       
 182        183       
 183        194       
 184        190       
 184        185       
 185        190       
 185        186       
 186        189       
 186        187       
 186        195       
 187        188       
 187        189       
 187        191       
 187        202       
 188        190       
 188        189       
 188        227       
 188        212       
 188        207       
 189        190       
 190        194       
 190        191       
 190        201       
 191        196       
 191        194       
 191        192       
 192        194       
 192        193       
 193        194       
 194        197       
 194        202       
 194        195       
 195        196       
 196        197       
 197        198       
 197        201       
 197        199       
 198        199       
 198        202       
 199        201       
 199        200       
 199        202       
 200        201       
 201        203       
 201        202       
 201        208       
 202        203       
 202        205       
 203        204       
 203        205       
 204        205       
 204        206       
 205        210       
 205        206       
 206        207       
 206        211       
 206        221       
 206        298       
 207        214       
 207        209       
 207        208       
 208        209       
 208        221       
 209        225       
 209        210       
 209        221       
 209        274       
 209        222       
 209        220       
 210        218       
 210        211       
 211        217       
 211        216       
 211        213       
 211        212       
 212        213       
 212        231       
 212        237       
 213        214       
 213        215       
 214        215       
 214        225       
 215        216       
 215        217       
 216        219       
 216        217       
 217        219       
 217        218       
 218        221       
 218        219       
 218        220       
 219        229       
 219        224       
 219        221       
 220        225       
 220        222       
 220        227       
 221        228       
 221        234       
 221        226       
 221        230       
 221        222       
 222        226       
 222        236       
 222        224       
 222        223       
 223        224       
 224        226       
 224        228       
 224        237       
 224        225       
 225        226       
 226        230       
 226        274       
 226        227       
 227        264       
 227        239       
 227        231       
 227        259       
 227        228       
 228        229       
 228        231       
 229        232       
 229        230       
 230        231       
 230        241       
 230        256       
 230        235       
 230        233       
 230        240       
 231        249       
 231        235       
 231        232       
 231        243       
 231        236       
 232        263       
 232        235       
 232        233       
 232        234       
 233        234       
 233        240       
 234        240       
 234        236       
 234        257       
 234        250       
 235        251       
 235        240       
 235        237       
 235        246       
 235        236       
 235        238       
 236        237       
 236        239       
 236        243       
 236        273       
 237        277       
 237        244       
 237        241       
 237        239       
 237        259       
 238        244       
 238        240       
 238        239       
 239        243       
 239        241       
 239        240       
 240        241       
 240        252       
 240        261       
 241        257       
 241        250       
 241        245       
 241        243       
 241        247       
 241        246       
 241        242       
 242        243       
 243        268       
 243        244       
 243        261       
 244        245       
 244        246       
 245        250       
 245        259       
 245        246       
 245        247       
 246        248       
 246        250       
 246        247       
 247        253       
 247        248       
 248        255       
 248        249       
 249        259       
 249        250       
 249        256       
 250        255       
 251        256       
 251        252       
 251        253       
 251        255       
 252        254       
 252        258       
 253        254       
 254        258       
 255        263       
 255        258       
 255        256       
 255        257       
 256        258       
 256        257       
 256        261       
 257        261       
 257        259       
 257        273       
 257        258       
 258        273       
 258        260       
 259        264       
 259        265       
 259        260       
 260        261       
 261        262       
 261        263       
 261        265       
 261        273       
 262        263       
 262        268       
 263        266       
 263        276       
 263        272       
 263        271       
 263        264       
 263        265       
 264        265       
 264        277       
 265        268       
 265        266       
 265        267       
 265        272       
 265        276       
 266        268       
 266        267       
 267        268       
 268        269       
 268        272       
 268        273       
 268        270       
 268        271       
 269        270       
 270        271       
 270        272       
 271        273       
 271        272       
 272        276       
 272        273       
 273        274       
 273        283       
 273        278       
 274        275       
 274        276       
 274        291       
 274        277       
 274        283       
 275        291       
 275        276       
 276        278       
 276        282       
 276        280       
 277        280       
 277        278       
 277        284       
 278        279       
 279        281       
 279        284       
 279        280       
 279        289       
 280        281       
 281        287       
 281        288       
 281        282       
 282        286       
 282        284       
 282        287       
 282        283       
 283        285       
 283        284       
 283        286       
 284        286       
 284        285       
 284        290       
 284        287       
 285        288       
 285        286       
 286        288       
 286        287       
 287        298       
 287        288       
 287        289       
 287        291       
 288        295       
 288        290       
 288        289       
 288        296       
 288        291       
 289        295       
 289        290       
 290        291       
 290        292       
 291        292       
 291        295       
 291        293       
 292        294       
 293        296       
 293        294       
 293        301       
 295        297       
 295        301       
 295        302       
 295        296       
 296        297       
 296        301       
 297        298       
 297        313       
 297        322       
 298        299       
 298        300       
 299        300       
 299        301       
 300        301       
 300        312       
 300        303       
 301        312       
 301        302       
 302        304       
 302        313       
 302        316       
 302        303       
 302        312       
 302        315       
 302        307       
 303        306       
 303        304       
 303        314       
 303        307       
 303        308       
 304        306       
 304        308       
 305        306       
 305        308       
 306        310       
 306        307       
 306        308       
 307        308       
 307        313       
 308        313       
 308        309       
 309        310       
 310        311       
 311        312       
 312        314       
 312        317       
 312        313       
 313        323       
 313        316       
 313        314       
 313        317       
 314        315       
 315        318       
 315        321       
 315        316       
 315        328       
 316        323       
 316        318       
 316        317       
 316        321       
 317        328       
 317        319       
 317        318       
 317        326       
 317        323       
 318        323       
 318        320       
 318        319       
 318        322       
 319        320       
 319        321       
 320        321       
 321        322       
 321        323       
 322        325       
 322        327       
 322        324       
 322        323       
 323        324       
 323        327       
 323        325       
 324        326       
 324        325       
 325        331       
 325        326       
 326        327       
 327        393       
 327        390       
 327        328       
 327        331       
 328        329       
 328        330       
 329        333       
 329        334       
 330        332       
 331        333       
 331        332       
 332        335       
 332        338       
 332        333       
 332        334       
 333        336       
 333        340       
 334        338       
 334        335       
 335        339       
 335        336       
 335        337       
 336        337       
 336        338       
 337        341       
 337        338       
 338        341       
 338        339       
 338        342       
 339        340       
 340        341       
 340        343       
 340        342       
 340        361       
 341        343       
 341        342       
 341        346       
 342        345       
 342        343       
 342        346       
 343        344       
 343        346       
 343        345       
 344        346       
 344        345       
 345        347       
 345        348       
 345        346       
 345        368       
 346        360       
 346        347       
 346        348       
 346        350       
 346        355       
 346        349       
 347        348       
 347        350       
 348        359       
 348        351       
 348        349       
 348        353       
 348        350       
 348        356       
 349        353       
 350        352       
 350        351       
 350        353       
 350        356       
 350        355       
 351        354       
 351        352       
 352        354       
 352        361       
 352        353       
 353        356       
 353        357       
 353        354       
 354        355       
 354        358       
 354        356       
 354        369       
 355        358       
 355        359       
 355        367       
 356        357       
 356        376       
 356        358       
 357        363       
 357        362       
 357        358       
 358        361       
 358        360       
 359        365       
 359        367       
 359        379       
 359        362       
 359        360       
 360        363       
 360        370       
 360        364       
 360        361       
 361        362       
 361        365       
 361        371       
 362        363       
 362        367       
 363        369       
 363        364       
 364        367       
 365        377       
 365        366       
 365        369       
 366        369       
 366        367       
 367        375       
 367        372       
 367        368       
 368        378       
 368        370       
 368        372       
 369        373       
 369        375       
 369        371       
 369        374       
 369        370       
 369        372       
 370        380       
 371        373       
 371        372       
 371        374       
 372        373       
 372        385       
 372        378       
 373        376       
 373        374       
 373        375       
 373        384       
 374        376       
 374        375       
 375        376       
 376        381       
 376        384       
 376        382       
 376        387       
 377        387       
 377        379       
 377        384       
 377        383       
 377        390       
 378        380       
 378        379       
 378        390       
 379        381       
 379        382       
 379        386       
 380        389       
 380        381       
 381        387       
 381        382       
 382        385       
 382        383       
 382        384       
 383        391       
 383        384       
 384        387       
 384        393       
 384        385       
 384        389       
 385        386       
 385        389       
 386        388       
 386        387       
 386        390       
 387        394       
 387        388       
 387        390       
 388        389       
 388        390       
 389        390       
 389        391       
 390        391       
 390        393       
 390        392       
 391        393       
 391        392       
 391        399       
 392        400       
 392        399       
 392        394       
 393        397       
 393        395       
 393        394       
 394        399       
 394        395       
 395        397       
 395        410       
 395        400       
 396        397       
 397        413       
 397        398       
 398        425       
 398        399       
 398        401       
 398        404       
 399        402       
 399        404       
 399        401       
 399        403       
 399        400       
 400        401       
 401        406       
 401        402       
 401        403       
 401        405       
 402        411       
 402        403       
 403        407       
 403        406       
 403        405       
 403        404       
 403        410       
 404        405       
 404        413       
 404        411       
 405        410       
 405        408       
 405        406       
 405        409       
 405        407       
 406        413       
 406        408       
 407        408       
 408        412       
 408        409       
 408        410       
 409        410       
 409        411       
 410        411       
 410        412       
 410        413       
 411        412       
 411        414       
 412        413       
 413        423       
 413        426       
 413        421       
 413        414       
 414        420       
 414        422       
 414        417       
 414        415       
 415        419       
 415        416       
 415        417       
 415        420       
 416        417       
 416        420       
 416        419       
 416        418       
 417        420       
 417        419       
 417        418       
 417        421       
 418        420       
 418        419       
 419        420       
 420        421       
 420        422       
 421        422       
 422        423       
 423        429       
 423        424       
 424        427       
 424        425       
 425        426       
 426        427       
 427        428       
 428        429       
 429        430       
