 # i        j         
 0          26        
 0          1         
 0          25        
 0          3         
 1          3         
 1          2         
 1          26        
 2          3         
 3          4         
 3          6         
 4          5         
 4          6         
 5          6         
 6          7         
 7          8         
 8          9         
 8          10        
 9          10        
 10         11        
 10         26        
 11         18        
 11         12        
 11         14        
 11         13        
 12         13        
 12         18        
 13         14        
 13         17        
 14         17        
 14         16        
 14         15        
 15         16        
 16         17        
 17         18        
 18         19        
 18         20        
 19         20        
 20         24        
 20         21        
 21         22        
 21         23        
 22         23        
 23         24        
 24         25        
 24         26        
 25         26        
