 # i        kappa            theta           
 0          2.8954           0               
 1          0.719507         0.00834997      
 2          6.71202          0.00875658      
 3          0.478214         0.00891793      
 4          2.95199          0.0128402       
 5          0.645063         0.0130428       
 6          4.24845          0.0151528       
 7          2.6294           0.0163          
 8          1.39774          0.016702        
 9          0.561234         0.0168315       
 10         5.15244          0.0243093       
 11         6.96566          0.0274709       
 12         1.75819          0.0278842       
 13         2.40011          0.0311628       
 14         2.98711          0.0344859       
 15         0.656475         0.0346885       
 16         2.1804           0.0364873       
 17         6.34293          0.0383924       
 18         2.65047          0.0413362       
 19         3.07452          0.0446148       
 20         4.14539          0.0602864       
 21         0.784813         0.060489        
 22         3.35471          0.0673895       
 23         2.1434           0.0759742       
 24         1.22229          0.0769581       
 25         2.38132          0.0769938       
 26         0.667395         0.0792109       
 27         8.65163          0.0797339       
 28         0.499696         0.0799881       
 29         2.32281          0.0818641       
 30         2.11429          0.0872158       
 31         2.06034          0.0877825       
 32         0.67856          0.0900089       
 33         3.9201           0.0902832       
 34         0.692084         0.0905575       
 35         0.715112         0.0970308       
 36         5.44828          0.0973733       
 37         0.711859         0.0977158       
 38         1.3465           0.100934        
 39         2.52973          0.10417         
 40         1.76989          0.106973        
 41         2.60074          0.107494        
 42         2.12508          0.108059        
 43         0.302592         0.108093        
 44         4.6542           0.111541        
 45         2.06931          0.113447        
 46         0.672473         0.11482         
 47         5.14875          0.115195        
 48         0.66183          0.115505        
 49         2.95139          0.127014        
 50         7.02006          0.130908        
 51         0.471202         0.134328        
 52         2.6378           0.134413        
 53         0.687343         0.134615        
 54         3.00019          0.137852        
 55         4.10333          0.151368        
 56         2.8308           0.154758        
 57         0.593371         0.15496         
 58         3.13231          0.155734        
 59         2.34953          0.158197        
 60         2.89041          0.16152         
 61         0.645453         0.161722        
 62         5.27348          0.164111        
 63         2.60427          0.16498         
 64         0.580158         0.165182        
 65         3.8084           0.168529        
 66         7.59446          0.177741        
 67         3.43989          0.180088        
 68         4.42739          0.183543        
 69         2.03179          0.184661        
 70         4.23873          0.188029        
 71         0.686447         0.188304        
 72         2.47378          0.19154         
 73         2.49812          0.194819        
 74         8.04449          0.198276        
 75         2.83811          0.205011        
 76         4.56661          0.211368        
 77         3.21957          0.211613        
 78         2.71593          0.215964        
 79         1.65192          0.221605        
 80         1.44702          0.221885        
 81         2.79143          0.222206        
 82         2.58246          0.224883        
 83         3.7207           0.23074         
 84         2.39353          0.232047        
 85         2.56137          0.236361        
 86         2.46984          0.238781        
 87         4.89271          0.242104        
 88         2.09656          0.245473        
 89         2.84666          0.246449        
 90         0.665508         0.246651        
 91         0.688422         0.253124        
 92         4.83516          0.253467        
 93         0.676089         0.253809        
 94         2.717            0.257067        
 95         0.632421         0.257269        
 96         5.15461          0.259477        
 97         1.56135          0.261187        
 98         0.614266         0.261316        
 99         4.59555          0.264618        
 100        1.32866          0.265234        
 101        2.1845           0.265636        
 102        0.572511         0.265838        
 103        1.87975          0.272354        
 104        8.46542          0.273482        
 105        1.89816          0.275632        
 106        3.07673          0.277431        
 107        2.03635          0.280443        
 108        3.92241          0.282538        
 109        2.90716          0.28359         
 110        2.83224          0.28698         
 111        1.76955          0.287382        
 112        1.28432          0.294507        
 113        5.98301          0.294763        
 114        1.13627          0.29554         
 115        1.12922          0.295813        
 116        4.01676          0.296428        
 117        0.592636         0.296771        
 118        4.24941          0.30176         
 119        5.46762          0.303546        
 120        3.54119          0.307063        
 121        2.5337           0.31478         
 122        1.42639          0.314865        
 123        1.54213          0.317787        
 124        5.61104          0.318459        
 125        2.43077          0.318693        
 126        9.08328          0.325629        
 127        4.24651          0.326228        
 128        2.22249          0.33036         
 129        1.68403          0.332448        
 130        0.642463         0.332577        
 131        2.18396          0.333887        
 132        2.42384          0.335814        
 133        2.77228          0.339092        
 134        2.81482          0.349017        
 135        2.64146          0.35187         
 136        3.42117          0.355841        
 137        2.12981          0.356905        
 138        2.2257           0.359334        
 139        4.72053          0.361234        
 140        4.13236          0.36709         
 141        2.84001          0.367951        
 142        2.97003          0.369521        
 143        2.01121          0.371274        
 144        3.0622           0.373034        
 145        1.84088          0.374553        
 146        1.73955          0.375272        
 147        1.92613          0.375791        
 148        2.63255          0.384617        
 149        2.50227          0.386542        
 150        2.515            0.388994        
 151        2.09845          0.392273        
 152        3.40091          0.392911        
 153        6.77301          0.399114        
 154        2.12296          0.407049        
 155        1.94554          0.408072        
 156        2.73746          0.410157        
 157        8.11611          0.410996        
 158        1.33751          0.41184         
 159        0.514274         0.411969        
 160        3.25105          0.415227        
 161        2.54239          0.417832        
 162        0.505114         0.418035        
 163        3.95579          0.41853         
 164        2.55239          0.421271        
 165        11.1185          0.437526        
 166        2.34951          0.438698        
 167        1.47339          0.443472        
 168        0.659495         0.450228        
 169        2.50803          0.450431        
 170        0.624367         0.450633        
 171        2.09109          0.451501        
 172        2.25335          0.45428         
 173        2.8039           0.456839        
 174        1.57981          0.457559        
 175        1.50849          0.458589        
 176        8.23365          0.459384        
 177        1.59854          0.459947        
 178        3.74436          0.463306        
 179        2.90578          0.467263        
 180        3.2288           0.477878        
 181        3.24569          0.481486        
 182        3.01995          0.491637        
 183        4.11426          0.495628        
 184        1.99003          0.499344        
 185        1.86158          0.499936        
 186        3.18505          0.501172        
 187        4.69767          0.502992        
 188        2.49224          0.505035        
 189        2.58017          0.51174         
 190        2.39481          0.513245        
 191        2.04992          0.515019        
 192        2.11434          0.515403        
 193        1.42151          0.524902        
 194        0.628658         0.528286        
 195        11.3803          0.528695        
 196        0.725124         0.52927         
 197        1.39563          0.532488        
 198        4.48691          0.542379        
 199        1.86752          0.542898        
 200        2.04359          0.545039        
 201        4.58374          0.546266        
 202        1.49609          0.551123        
 203        2.6357           0.551209        
 204        4.26868          0.554492        
 205        4.28817          0.555332        
 206        0.66632          0.558611        
 207        3.81576          0.558885        
 208        0.679253         0.55916         
 209        3.84683          0.565807        
 210        3.07424          0.569197        
 211        5.3808           0.570005        
 212        1.76866          0.570621        
 213        4.21421          0.573944        
 214        3.64172          0.59823         
 215        0.552385         0.599127        
 216        9.4388           0.59965         
 217        1.39618          0.599828        
 218        0.5531           0.600173        
 219        1.45467          0.603391        
 220        1.2753           0.617226        
 221        0.711085         0.619158        
 222        12.1569          0.619733        
 223        0.71738          0.620308        
 224        1.36836          0.623526        
 225        1.46891          0.626744        
 226        2.5014           0.630925        
 227        6.93997          0.632419        
 228        2.75898          0.634414        
 229        1.65462          0.6546          
 230        0.729469         0.65817         
 231        8.03649          0.658576        
 232        0.727125         0.658983        
 233        1.99881          0.667517        
 234        8.36541          0.668592        
 235        5.20345          0.668822        
 236        3.7063           0.687743        
 237        3.32522          0.697936        
 238        5.19836          0.699869        
 239        9.44158          0.71781         
 240        3.05651          0.745188        
 241        0.588989         0.74539         
 242        1.84719          0.746471        
 243        8.67506          0.747454        
 244        3.12712          0.75019         
 245        0.651147         0.750393        
 246        5.77051          0.757168        
 247        1.55194          0.757783        
 248        0.555268         0.757913        
 249        1.98049          0.76115         
 250        0.702348         0.761279        
 251        3.15645          0.768467        
 252        2.97289          0.769314        
 253        2.92591          0.771183        
 254        2.96928          0.772295        
 255        2.04098          0.774506        
 256        2.00933          0.776072        
 257        5.58277          0.777919        
 258        2.8214           0.781437        
 259        0.630994         0.781639        
 260        4.40898          0.78369         
 261        2.17862          0.784876        
 262        2.81289          0.790334        
 263        7.38524          0.7988          
 264        0.707349         0.799206        
 265        3.88858          0.802464        
 266        0.697215         0.809198        
 267        6.48421          0.809605        
 268        0.69089          0.810011        
 269        4.55844          0.814804        
 270        2.78352          0.816571        
 271        0.6433           0.816774        
 272        3.42076          0.820031        
 273        2.78494          0.823421        
 274        3.74608          0.82412         
 275        2.85685          0.824819        
 276        5.07599          0.831664        
 277        1.87176          0.835033        
 278        0.682099         0.835162        
 279        3.70777          0.83842         
 280        2.42315          0.841743        
 281        3.43982          0.845066        
 282        2.7358           0.848456        
 283        6.29808          0.848985        
 284        5.59225          0.851353        
 285        3.01004          0.855491        
 286        3.03847          0.856057        
 287        3.94462          0.859447        
 288        2.48531          0.869519        
 289        0.669082         0.870769        
 290        4.03943          0.871043        
 291        0.696518         0.871318        
 292        1.49669          0.874215        
 293        2.98209          0.88081         
 294        0.710476         0.884353        
 295        4.26442          0.884627        
 296        0.708542         0.884901        
 297        0.699902         0.888119        
 298        2.99609          0.888322        
 299        0.70974          0.888524        
 300        4.06598          0.902211        
 301        0.77804          0.902413        
 302        5.4302           0.915727        
 303        2.87916          0.915794        
 304        0.625051         0.917956        
 305        3.57698          0.91823         
 306        0.64579          0.918505        
 307        0.669081         0.922188        
 308        3.6781           0.922462        
 309        0.667472         0.922736        
 310        2.8493           0.925994        
 311        0.648219         0.926196        
 312        6.08635          0.929117        
 313        2.55303          0.929453        
 314        1.70568          0.930203        
 315        0.669733         0.93344         
 316        2.71049          0.933642        
 317        0.680707         0.933845        
 318        4.0716           0.946145        
 319        3.99816          0.949242        
 320        5.58915          0.95224         
 321        3.07504          0.959795        
 322        4.38173          0.966622        
 323        6.12787          0.974226        
 324        2.58543          0.976848        
 325        1.49368          0.977045        
 326        3.01638          0.979252        
 327        3.11091          0.980368        
 328        2.31011          0.983691        
 329        3.23623          0.987014        
 330        3.00842          0.988881        
 331        0.625686         0.990272        
 332        7.08273          0.990738        
 333        0.665278         0.991204        
 334        1.2998           0.994422        
 335        1.89072          1.001           
 336        0.67371          1.00113         
 337        7.15952          1.00464         
 338        5.50072          1.00649         
 339        0.630256         1.00683         
 340        2.71569          1.01169         
 341        1.87823          1.01999         
 342        1.8539           1.02021         
 343        4.32199          1.02336         
 344        0.703174         1.02363         
 345        2.4286           1.02755         
 346        2.16663          1.03083         
 347        7.81652          1.03298         
 348        1.97847          1.03418         
 349        1.61816          1.04067         
 350        5.41406          1.04147         
 351        1.18125          1.04211         
 352        4.35317          1.04254         
 353        2.71695          1.0452          
 354        2.82269          1.04577         
 355        2.4691           1.0529          
 356        0.671403         1.05613         
 357        4.74433          1.05647         
 358        0.656373         1.05682         
 359        3.13622          1.059           
 360        3.3088           1.06007         
 361        5.31704          1.07372         
 362        4.00295          1.07412         
 363        0.83932          1.07628         
 364        0.628409         1.07739         
 365        9.44909          1.07797         
 366        0.662785         1.07855         
 367        1.57622          1.085           
 368        1.47459          1.08524         
 369        1.73219          1.08579         
 370        4.52613          1.08762         
 371        3.86663          1.09222         
 372        2.5382           1.0985          
 373        2.5068           1.10047         
 374        3.29682          1.10591         
 375        3.20953          1.10708         
 376        4.0697           1.11114         
 377        4.03716          1.11198         
 378        0.641291         1.11526         
 379        2.38176          1.11546         
 380        0.64378          1.11566         
 381        2.75257          1.11892         
 382        0.654003         1.11912         
 383        4.1054           1.12186         
 384        4.09853          1.12345         
 385        3.22415          1.12586         
 386        0.653839         1.12911         
 387        2.46431          1.12932         
 388        0.655255         1.12952         
 389        0.681889         1.13274         
 390        3.75531          1.13301         
 391        0.689506         1.13328         
 392        7.85205          1.14412         
 393        4.17364          1.14524         
 394        0.633294         1.14852         
 395        3.35326          1.14879         
 396        0.638002         1.14906         
 397        1.86133          1.1523          
 398        2.77837          1.15332         
 399        3.53976          1.15567         
 400        4.31167          1.15662         
 401        1.3358           1.1574          
 402        2.44672          1.1578          
 403        0.675476         1.16445         
 404        2.6346           1.16465         
 405        0.676052         1.16485         
 406        2.18473          1.17137         
 407        7.97041          1.17327         
 408        2.94562          1.17797         
 409        4.80063          1.17953         
 410        0.74152          1.18062         
 411        3.70739          1.18149         
 412        2.96846          1.18305         
 413        3.38642          1.18644         
 414        2.40718          1.18876         
 415        2.352            1.19538         
 416        2.33576          1.1965          
 417        7.94062          1.20375         
 418        1.92962          1.20553         
 419        4.10699          1.20787         
 420        2.53458          1.21057         
 421        1.55041          1.21098         
 422        4.63588          1.21366         
 423        4.43724          1.21439         
 424        0.568046         1.21473         
 425        2.40377          1.21832         
 426        1.36177          1.21839         
 427        2.98441          1.22171         
 428        3.0439           1.22228         
 429        1.98771          1.2291          
 430        0.71635          1.22923         
 431        1.98839          1.23247         
 432        0.714383         1.2326          
 433        3.36506          1.23972         
 434        6.74412          1.24148         
 435        3.28536          1.24644         
 436        2.14602          1.24682         
 437        4.14001          1.24762         
 438        0.59026          1.24797         
 439        2.72101          1.25122         
 440        4.93414          1.25203         
 441        4.44601          1.25564         
 442        2.73184          1.25988         
 443        0.656801         1.26008         
 444        1.76887          1.26209         
 445        4.10441          1.26257         
 446        3.6964           1.26992         
 447        2.68094          1.27331         
 448        2.68321          1.27333         
 449        2.05848          1.27899         
 450        2.03143          1.27961         
 451        8.17647          1.28372         
 452        1.72971          1.28722         
 453        2.83282          1.28768         
 454        3.92379          1.29059         
 455        0.681188         1.29086         
 456        2.26745          1.2941          
 457        1.56287          1.29738         
 458        3.6482           1.29767         
 459        1.90765          1.29935         
 460        1.79307          1.30115         
 461        6.51618          1.30198         
 462        1.77086          1.30924         
 463        1.47563          1.30951         
 464        0.605063         1.30964         
 465        3.61389          1.3129          
 466        0.659166         1.31615         
 467        2.51589          1.31636         
 468        0.65701          1.31656         
 469        4.03514          1.31984         
 470        0.676727         1.32011         
 471        2.87472          1.32337         
 472        1.67875          1.32424         
 473        4.4791           1.32558         
 474        1.41412          1.32589         
 475        3.85736          1.32761         
 476        0.659747         1.32788         
 477        2.0348           1.3346          
 478        0.715498         1.33472         
 479        3.21314          1.34128         
 480        9.02141          1.34233         
 481        1.40661          1.34317         
 482        0.511367         1.3433          
 483        3.64139          1.34656         
 484        2.99198          1.35051         
 485        0.654758         1.35071         
 486        3.39485          1.3525          
 487        3.10166          1.35397         
 488        0.678273         1.35417         
 489        3.29231          1.36247         
 490        6.43226          1.36821         
 491        3.05737          1.36987         
 492        7.4793           1.42969         
 493        0.882696         1.42997         
 494        0.772099         1.45595         
 495        5.84465          1.45622         
 496        0.773519         1.4565          
 497        6.31699          1.47678         
 498        7.95587          1.47839         
 499        7.38952          1.48438         
 500        0.725628         1.48472         
 501        0.740636         1.49595         
 502        6.63802          1.49629         
 503        0.735774         1.49663         
 504        1.69867          1.49985         
 505        2.17732          1.52076         
 506        11.7011          1.52149         
 507        2.1914           1.52234         
 508        8.51032          1.53655         
 509        5.20544          1.5374          
 510        3.31723          1.54013         
 511        0.663872         1.54033         
 512        2.92083          1.56016         
 513        2.49366          1.56344         
 514        2.19293          1.56582         
 515        8.02247          1.56813         
 516        1.83517          1.56909         
 517        5.21853          1.57251         
 518        0.64607          1.57285         
 519        3.43802          1.57613         
 520        0.19616          1.57614         
 521        1.29889          1.57973         
 522        7.98453          1.57977         
 523        0.604418         1.5803          
 524        1.563            1.58353         
 525        1.33323          1.58381         
 526        0.571727         1.58394         
 527        7.72756          1.58728         
 528        0.683108         1.58775         
 529        1.74345          1.59099         
 530        2.58866          1.59139         
 531        0.62518          1.59159         
 532        2.81294          1.59655         
 533        3.60491          1.60213         
 534        0.756738         1.60233         
 535        3.21057          1.61367         
 536        0.681361         1.61387         
 537        2.87849          1.61713         
 538        5.41775          1.61733         
 539        2.29314          1.62079         
 540        9.13334          1.62446         
 541        6.43934          1.63025         
 542        3.06951          1.63377         
 543        0.672093         1.63397         
 544        3.14006          1.63723         
 545        0.693254         1.63743         
 546        1.956            1.64067         
 547        1.96473          1.64094         
 548        4.4212           1.64482         
 549        3.84429          1.6702          
 550        8.4075           1.67264         
 551        0.664859         1.67311         
 552        2.12755          1.6765          
 553        2.09542          1.67774         
 554        2.2742           1.67963         
 555        14.3088          1.68687         
 556        7.4775           1.6887          
 557        2.18897          1.69392         
 558        2.25612          1.69519         
 559        2.44105          1.7025          
 560        4.65693          1.70727         
 561        1.19464          1.70757         
 562        7.07854          1.70848         
 563        1.93558          1.71069         
 564        0.789621         1.71468         
 565        6.06791          1.7155          
 566        0.589148         1.7172          
 567        5.62315          1.71761         
 568        0.632711         1.71801         
 569        3.91144          1.72483         
 570        1.63666          1.72507         
 571        2.26721          1.72863         
 572        2.01117          1.7319          
 573        3.95652          1.7335          
 574        1.72313          1.73518         
 575        6.20118          1.73642         
 576        5.03454          1.7402          
 577        0.657832         1.74054         
 578        2.84382          1.7438          
 579        0.659784         1.744           
 580        4.27731          1.74728         
 581        0.693091         1.74755         
 582        1.24749          1.75515         
 583        0.696523         1.75837         
 584        12.93            1.75904         
 585        0.696145         1.75971         
 586        1.23552          1.76292         
 587        1.33686          1.76614         
 588        1.81846          1.76938         
 589        0.581089         1.76946         
 590        2.36613          1.77274         
 591        3.55456          1.77477         
 592        5.04877          1.77801         
 593        2.20182          1.78761         
 594        1.68158          1.78976         
 595        2.94809          1.79092         
 596        1.93871          1.79096         
 597        11.6499          1.79292         
 598        1.7384           1.79428         
 599        2.70538          1.7976          
 600        0.634537         1.79781         
 601        2.17392          1.80044         
 602        2.15318          1.80359         
 603        2.95502          1.80692         
 604        10.3298          1.80765         
 605        4.10373          1.81469         
 606        0.657472         1.81496         
 607        5.41536          1.81826         
 608        1.86197          1.81888         
 609        3.63624          1.8257          
 610        2.71861          1.82909         
 611        0.628319         1.82929         
 612        3.74867          1.83099         
 613        2.63532          1.83155         
 614        1.44473          1.83253         
 615        0.5142           1.8326          
 616        2.81629          1.83924         
 617        2.80804          1.84487         
 618        0.66725          1.85271         
 619        9.80031          1.85328         
 620        0.556443         1.85386         
 621        1.72454          1.8543          
 622        6.14628          1.86055         
 623        1.27375          1.86125         
 624        0.499449         1.86138         
 625        10.6001          1.86423         
 626        2.31085          1.86464         
 627        0.407094         1.86484         
 628        2.17657          1.86808         
 629        2.39488          1.87136         
 630        6.2218           1.87662         
 631        4.20755          1.88128         
 632        0.679223         1.88156         
 633        2.94129          1.88482         
 634        0.674631         1.88502         
 635        2.93204          1.88828         
 636        0.672507         1.88848         
 637        4.11057          1.89176         
 638        0.669778         1.89203         
 639        0.677409         1.89525         
 640        6.19165          1.89566         
 641        0.688401         1.89606         
 642        1.30794          1.89928         
 643        6.7611           1.90625         
 644        1.84472          1.90696         
 645        2.18312          1.90902         
 646        1.43198          1.91351         
 647        1.31623          1.91379         
 648        4.40894          1.9144          
 649        1.63071          1.91597         
 650        6.1107           1.91767         
 651        2.06339          1.91782         
 652        2.14382          1.91865         
 653        0.539655         1.91885         
 654        2.84238          1.92211         
 655        0.672336         1.92231         
 656        3.06742          1.92557         
 657        0.694395         1.92577         
 658        0.678676         1.92899         
 659        2.75967          1.92919         
 660        0.684033         1.92939         
 661        4.39964          1.93538         
 662        7.83395          1.93923         
 663        2.2379           1.96583         
 664        2.16884          1.96616         
 665        7.16971          1.96896         
 666        2.5033           1.97008         
 667        3.21606          1.97421         
 668        3.64739          1.97811         
 669        6.48017          2.00563         
 670        2.71071          2.00697         
 671        6.86505          2.01034         
 672        3.7332           2.0161          
 673        0.697555         2.0391          
 674        3.14064          2.0393          
 675        0.714899         2.0395          
 676        0.588591         2.04272         
 677        0.417161         2.04291         
 678        6.8439           2.04313         
 679        1.77126          2.04338         
 680        4.33062          2.05091         
 681        2.55671          2.05276         
 682        6.18982          2.05501         
 683        4.08872          2.06779         
 684        2.32661          2.06875         
 685        2.4011           2.0713          
 686        11.4161          2.07256         
 687        4.94993          2.10325         
 688        4.26207          2.10665         
 689        0.669568         2.10899         
 690        7.69385          2.1094          
 691        0.694088         2.10981         
 692        2.17928          2.11698         
 693        3.66329          2.11738         
 694        3.50421          2.12285         
 695        3.31154          2.12372         
 696        5.2265           2.12469         
 697        6.51135          2.13677         
 698        1.51821          2.142           
 699        3.62192          2.1423          
 700        1.29063          2.14243         
 701        3.29407          2.14532         
 702        4.9128           2.146           
 703        6.12841          2.1485          
 704        12.7023          2.16841         
 705        0.88087          2.16882         
 706        9.14897          2.2658          
 707        8.07458          2.31373         
 708        4.82968          2.31549         
 709        7.64878          2.3767          
 710        1.06287          2.3769          
 711        4.45296          2.50344         
 712        0.974425         2.50696         
 713        16.1503          2.50767         
 714        0.548808         2.50789         
 715        2.27243          2.6472          
 716        0.758254         2.64733         
 717        2.9285           2.65059         
 718        2.49503          2.65115         
 719        2.30467          2.65172         
 720        1.37637          2.65212         
 721        1.66684          2.65256         
 722        3.07857          2.65589         
 723        0.66328          2.65609         
 724        7.35164          2.65941         
 725        3.3277           2.66031         
 726        0.652205         2.66357         
 727        2.61181          2.66377         
 728        0.657437         2.66397         
 729        3.91493          2.66723         
 730        0.687435         2.67043         
 731        1.95369          2.67055         
 732        3.78977          2.67394         
 733        3.87965          2.67562         
 734        2.20269          2.68223         
 735        2.06386          2.68299         
 736        1.86927          2.68477         
 737        3.91209          2.6856          
 738        1.79353          2.68611         
 739        1.64866          2.68939         
 740        0.563913         2.68952         
 741        1.95635          2.68987         
 742        5.37944          2.69612         
 743        2.39963          2.69949         
 744        2.24217          2.70124         
 745        2.17563          2.70277         
 746        3.46381          2.70432         
 747        2.48503          2.70605         
 748        3.49364          2.71276         
 749        0.728448         2.71297         
 750        4.09275          2.71839         
 751        8.13126          2.72484         
 752        2.87756          2.72617         
 753        1.81965          2.7274          
 754        2.82831          2.72956         
 755        2.87274          2.73046         
 756        4.58028          2.73302         
 757        6.54016          2.74005         
 758        3.72874          2.74109         
 759        1.53726          2.74161         
 760        2.16516          2.74365         
 761        5.01406          2.74825         
 762        2.53438          2.75162         
 763        9.96578          2.75844         
 764        2.01254          2.75928         
 765        2.54933          2.76256         
 766        3.90774          2.76967         
 767        3.10697          2.77297         
 768        0.693757         2.77317         
 769        1.84589          2.77641         
 770        0.684481         2.77654         
 771        0.672025         2.77976         
 772        3.62392          2.78003         
 773        0.667583         2.78031         
 774        2.74461          2.78356         
 775        0.648525         2.78377         
 776        3.60039          2.78695         
 777        4.70913          2.78707         
 778        5.92202          2.79084         
 779        2.36604          2.79174         
 780        0.551672         2.79194         
 781        3.23768          2.7943          
 782        1.45355          2.79852         
 783        1.42453          2.79864         
 784        3.14475          2.79958         
 785        2.03089          2.8064          
 786        6.42288          2.80753         
 787        0.656453         2.80794         
 788        6.13938          2.81162         
 789        2.54824          2.81503         
 790        4.36551          2.82194         
 791        1.81077          2.82217         
 792        2.53682          2.82636         
 793        3.10637          2.82969         
 794        0.695293         2.82989         
 795        2.38342          2.83313         
 796        5.07934          2.83654         
 797        1.5382           2.83716         
 798        2.86714          2.83783         
 799        1.8411           2.84115         
 800        0.683985         2.84128         
 801        2.52323          2.84452         
 802        2.50496          2.8478          
 803        1.8182           2.85107         
 804        0.674748         2.8512          
 805        2.97056          2.85446         
 806        3.94873          2.85554         
 807        5.01375          2.85798         
 808        3.92548          2.85844         
 809        0.679759         2.86509         
 810        1.79544          2.86524         
 811        9.62465          2.86846         
 812        2.73853          2.8733          
 813        0.626659         2.8735          
 814        3.97902          2.87563         
 815        3.88624          2.87678         
 816        1.8681           2.8777          
 817        3.05149          2.88245         
 818        0.683785         2.88265         
 819        1.72884          2.88577         
 820        4.29798          2.88593         
 821        2.90202          2.89586         
 822        4.27137          2.89918         
 823        2.59324          2.90578         
 824        2.12991          2.90783         
 825        3.47014          2.90855         
 826        3.97214          2.91412         
 827        1.6117           2.9182          
 828        4.06575          2.91823         
 829        1.97453          2.92184         
 830        1.98778          2.92216         
 831        3.3941           2.92664         
 832        0.728377         2.92684         
 833        4.319            2.9343          
 834        0.657976         2.93457         
 835        3.33584          2.93606         
 836        2.32221          2.93748         
 837        2.05845          2.94436         
 838        3.25158          2.94497         
 839        4.80892          2.94848         
 840        5.47569          2.95209         
 841        0.692            2.95244         
 842        2.38493          2.9561          
 843        2.91629          2.95908         
 844        0.673403         2.95928         
 845        3.7947           2.96256         
 846        2.44066          2.96326         
 847        2.32564          2.96383         
 848        0.588426         2.96403         
 849        2.09652          2.96931         
 850        0.595277         2.9705          
 851        4.58656          2.97077         
 852        0.719853         2.97119         
 853        2.89557          2.97445         
 854        0.676564         2.97465         
 855        2.71673          2.97791         
 856        1.64709          2.97831         
 857        1.65725          2.97953         
 858        2.73307          2.98005         
 859        1.70063          2.98159         
 860        0.660542         2.98172         
 861        2.61383          2.98495         
 862        2.80182          2.98754         
 863        1.69406          3.00139         
 864        2.64436          3.00159         
 865        0.61281          3.00179         
 866        4.62198          3.00507         
 867        2.04077          3.00559         
 868        4.23428          3.01063         
 869        2.57431          3.01837         
 870        2.30378          3.02022         
 871        1.78358          3.02164         
 872        0.669709         3.02177         
 873        3.6439           3.02503         
 874        5.44525          3.02855         
 875        0.695788         3.02889         
 876        2.37453          3.03208         
 877        2.21719          3.03541         
 878        6.51568          3.03783         
 879        1.90168          3.03885         
 880        4.05332          3.04205         
 881        0.671016         3.04233         
 882        3.60383          3.04559         
 883        3.57671          3.05026         
 884        3.63719          3.05223         
 885        2.92171          3.0601          
 886        0.665019         3.0603          
 887        4.73577          3.06321         
 888        2.55327          3.06356         
 889        1.71327          3.066           
 890        4.51641          3.06707         
 891        2.34904          3.06788         
 892        0.575591         3.06809         
 893        1.72997          3.07132         
 894        0.661554         3.07145         
 895        3.86878          3.07473         
 896        0.623745         3.075           
 897        3.19909          3.07607         
 898        2.50794          3.08125         
 899        1.85798          3.08465         
 900        1.82977          3.08499         
 901        3.48421          3.08694         
 902        2.97041          3.09182         
 903        0.670717         3.09202         
 904        4.3126           3.09453         
 905        2.00535          3.09526         
 906        3.10615          3.10222         
 907        3.10212          3.1026          
 908        0.693511         3.10925         
 909        7.3098           3.10972         
 910        0.682452         3.11018         
 911        2.83406          3.11344         
 912        0.653319         3.11364         
 913        2.21509          3.11579         
 914        3.49152          3.11858         
 915        1.48591          3.1237          
 916        8.11695          3.12389         
 917        0.631991         3.12441         
 918        1.77233          3.12765         
 919        1.68526          3.12809         
 920        1.97462          3.12878         
 921        3.91521          3.13674         
 922        2.55777          3.14006         
 923        11.8266          3.14692         
 924        7.01582          3.15423         
 925        5.65704          3.15478         
 926        2.29611          3.15769         
 927        2.70282          3.16752         
 928        2.0313           3.17298         
 929        6.39673          3.17426         
 930        0.642615         3.17466         
 931        4.88742          3.17797         
 932        1.60243          3.17858         
 933        1.88594          3.1796          
 934        2.24552          3.18257         
 935        3.96917          3.1861          
 936        2.81188          3.18621         
 937        1.29866          3.19376         
 938        5.185            3.19706         
 939        0.679445         3.1974          
 940        3.44611          3.20053         
 941        1.3585           3.20064         
 942        3.52732          3.204           
 943        2.31687          3.2047          
 944        1.16804          3.20563         
 945        5.28349          3.20576         
 946        0.6799           3.21454         
 947        4.75838          3.21488         
 948        0.66773          3.21523         
 949        1.66391          3.21816         
 950        3.96494          3.21851         
 951        6.00129          3.22361         
 952        2.95849          3.22859         
 953        0.678495         3.22879         
 954        1.71184          3.23203         
 955        2.74181          3.23243         
 956        3.22817          3.23373         
 957        3.6759           3.24151         
 958        2.28502          3.24445         
 959        2.24626          3.24667         
 960        2.11385          3.24995         
 961        1.48649          3.25322         
 962        11.9781          3.25369         
 963        1.3854           3.2565          
 964        7.314            3.25698         
 965        5.935            3.26112         
 966        3.781            3.27142         
 967        1.84124          3.27474         
 968        0.679677         3.27487         
 969        1.79315          3.27811         
 970        0.668778         3.27824         
 971        1.63119          3.28147         
 972        0.615531         3.2816          
 973        1.85714          3.2833          
 974        0.61121          3.28482         
 975        12.7928          3.28557         
 976        1.35522          3.28603         
 977        0.526654         3.28633         
 978        0.990323         3.28954         
 979        3.04037          3.29114         
 980        1.98066          3.29278         
 981        3.25958          3.29469         
 982        3.99283          3.29969         
 983        0.663902         3.29996         
 984        3.34726          3.30216         
 985        3.19277          3.3067          
 986        4.42855          3.30774         
 987        4.34276          3.31603         
 988        3.09679          3.317           
 989        0.660845         3.32025         
 990        3.51701          3.32053         
 991        0.667782         3.3208          
 992        3.44692          3.32406         
 993        1.68179          3.32738         
 994        0.637018         3.32751         
 995        2.07973          3.32859         
 996        3.40772          3.33077         
 997        1.80615          3.33409         
 998        0.675379         3.33422         
 999        4.02691          3.3375          
 1000       0.660829         3.33778         
 1001       3.45738          3.33945         
 1002       5.43467          3.34777         
 1003       0.701972         3.34811         
 1004       2.16561          3.35135         
 1005       3.01098          3.35336         
 1006       1.92794          3.35463         
 1007       1.73395          3.35688         
 1008       0.537181         3.35786         
 1009       4.91744          3.35827         
 1010       2.98972          3.35848         
 1011       0.40721          3.35868         
 1012       1.78984          3.36191         
 1013       0.671923         3.36204         
 1014       3.71239          3.36816         
 1015       2.96683          3.37208         
 1016       0.681884         3.37228         
 1017       2.87483          3.37554         
 1018       0.661059         3.37574         
 1019       5.56047          3.37904         
 1020       4.8692           3.38274         
 1021       0.641567         3.38308         
 1022       2.74812          3.38545         
 1023       3.54121          3.38636         
 1024       0.624506         3.38664         
 1025       0.664907         3.39315         
 1026       7.91517          3.39368         
 1027       0.630044         3.3942          
 1028       1.84727          3.3955          
 1029       4.84705          3.3977          
 1030       0.478285         3.39784         
 1031       2.40021          3.40108         
 1032       6.23418          3.40831         
 1033       1.81984          3.41172         
 1034       0.670041         3.41185         
 1035       3.65905          3.41511         
 1036       6.72957          3.42102         
 1037       3.0185           3.42176         
 1038       0.661308         3.42501         
 1039       4.97046          3.42536         
 1040       0.681159         3.4257          
 1041       4.52681          3.43571         
 1042       0.709004         3.43599         
 1043       3.15557          3.43925         
 1044       0.697124         3.43945         
 1045       3.76613          3.4443          
 1046       2.50053          3.44657         
 1047       7.60988          3.45319         
 1048       3.66872          3.45491         
 1049       3.74531          3.46755         
 1050       1.67755          3.47087         
 1051       0.62164          3.471           
 1052       1.55351          3.47393         
 1053       11.261           3.47444         
 1054       0.617524         3.47511         
 1055       3.62121          3.47839         
 1056       1.56528          3.47891         
 1057       4.09749          3.48232         
 1058       2.13682          3.48237         
 1059       0.747113         3.48314         
 1060       2.67836          3.48592         
 1061       2.74792          3.48649         
 1062       0.668728         3.49313         
 1063       9.17156          3.49371         
 1064       0.652498         3.49429         
 1065       2.60655          3.49754         
 1066       0.622051         3.49775         
 1067       2.86306          3.5             
 1068       1.86339          3.50098         
 1069       3.14192          3.5043          
 1070       2.49698          3.50769         
 1071       0.533107         3.5079          
 1072       12.4418          3.50982         
 1073       5.60513          3.5112          
 1074       4.05658          3.52246         
 1075       4.05125          3.52786         
 1076       1.89029          3.53457         
 1077       0.690284         3.5347          
 1078       2.27376          3.53701         
 1079       3.26951          3.53922         
 1080       2.84905          3.54196         
 1081       1.70495          3.54287         
 1082       3.89645          3.54406         
 1083       0.571514         3.54734         
 1084       2.0664           3.54754         
 1085       0.52041          3.54774         
 1086       5.37234          3.54859         
 1087       1.5486           3.54907         
 1088       3.3576           3.55464         
 1089       3.22139          3.55722         
 1090       1.96888          3.55955         
 1091       1.98636          3.56055         
 1092       3.18983          3.56391         
 1093       11.0302          3.56689         
 1094       0.641548         3.56751         
 1095       1.84379          3.57075         
 1096       5.30359          3.57206         
 1097       2.08516          3.57442         
 1098       1.83467          3.57827         
 1099       8.5397           3.57944         
 1100       1.43124          3.57955         
 1101       1.11188          3.58162         
 1102       3.02857          3.58796         
 1103       2.87964          3.59975         
 1104       8.81778          3.60321         
 1105       3.03681          3.60848         
 1106       2.33707          3.61569         
 1107       2.32592          3.61613         
 1108       3.63487          3.62093         
 1109       0.741174         3.62113         
 1110       4.28654          3.6267          
 1111       2.42359          3.62952         
 1112       2.49142          3.63037         
 1113       3.85742          3.63535         
 1114       0.760639         3.63555         
 1115       3.43427          3.64358         
 1116       4.28162          3.64926         
 1117       0.789272         3.64946         
 1118       4.19659          3.6725          
 1119       3.61552          3.67448         
 1120       3.02263          3.67589         
 1121       0.651723         3.67609         
 1122       3.27193          3.67923         
 1123       3.28363          3.67935         
 1124       0.716314         3.69863         
 1125       9.91617          3.69915         
 1126       0.691902         3.69967         
 1127       3.05565          3.70293         
 1128       0.646109         3.70313         
 1129       4.8342           3.70641         
 1130       2.13895          3.70905         
 1131       4.7172           3.71073         
 1132       4.33733          3.71613         
 1133       4.25627          3.71692         
 1134       2.17823          3.71887         
 1135       4.99823          3.72334         
 1136       6.2691           3.72655         
 1137       2.35224          3.72822         
 1138       4.43775          3.73328         
 1139       5.60031          3.7417          
 1140       0.773576         3.74198         
 1141       4.2295           3.75821         
 1142       3.72261          3.76059         
 1143       3.70641          3.76217         
 1144       4.08116          3.76505         
 1145       2.9352           3.76986         
 1146       3.03231          3.77636         
 1147       4.33054          3.77652         
 1148       2.16471          3.7786          
 1149       3.54607          3.78038         
 1150       3.93181          3.78192         
 1151       4.29495          3.79337         
 1152       0.790121         3.79357         
 1153       9.27431          3.81408         
 1154       2.62866          3.81756         
 1155       3.97393          3.82078         
 1156       3.63598          3.82468         
 1157       4.25847          3.82751         
 1158       1.80498          3.82848         
 1159       2.91363          3.82993         
 1160       1.92037          3.83088         
 1161       1.84157          3.83356         
 1162       5.12111          3.83429         
 1163       0.657548         3.83464         
 1164       3.98938          3.83944         
 1165       3.94407          3.84382         
 1166       9.62731          3.84644         
 1167       0.706947         3.84691         
 1168       0.475393         3.85492         
 1169       3.92509          3.85499         
 1170       6.60167          3.86898         
 1171       0.83693          3.86925         
 1172       4.33801          3.89656         
 1173       0.734621         3.89676         
 1174       3.4021           3.89814         
 1175       4.50773          3.92518         
 1176       0.675951         3.92706         
 1177       5.64009          3.9274          
 1178       0.315979         3.92746         
 1179       1.3628           3.93096         
 1180       5.48417          3.93514         
 1181       7.1786           3.93526         
 1182       3.42298          3.94458         
 1183       3.84133          3.95273         
 1184       0.737359         3.95293         
 1185       4.39758          3.95708         
 1186       3.54912          3.96137         
 1187       5.0988           3.96167         
 1188       2.80879          3.96888         
 1189       2.41518          3.97124         
 1190       2.40489          3.97234         
 1191       7.1133           3.97567         
 1192       2.44626          3.97797         
 1193       2.66941          3.97908         
 1194       5.84729          3.99627         
 1195       0.731243         3.99655         
 1196       3.06062          3.99834         
 1197       3.62236          4.00236         
 1198       4.11284          4.01717         
 1199       6.96363          4.02267         
 1200       0.831971         4.02295         
 1201       2.92275          4.07108         
 1202       4.04518          4.07311         
 1203       5.45687          4.07485         
 1204       2.44952          4.07666         
 1205       6.95874          4.08013         
 1206       0.704484         4.08047         
 1207       5.02796          4.08423         
 1208       8.98144          4.11233         
 1209       3.91635          4.1126          
 1210       3.64265          4.11851         
 1211       6.60598          4.11989         
 1212       3.61693          4.12067         
 1213       5.34067          4.1358          
 1214       7.24468          4.14708         
 1215       3.89676          4.14771         
 1216       5.45651          4.15142         
 1217       0.718706         4.15169         
 1218       0.689512         4.17295         
 1219       2.24569          4.17305         
 1220       3.67439          4.17644         
 1221       0.712028         4.17664         
 1222       1.03279          4.18187         
 1223       0.488636         4.18324         
 1224       1.54188          4.18348         
 1225       13.3935          4.18391         
 1226       0.654427         4.18458         
 1227       1.07173          4.18672         
 1228       1.16516          4.1875          
 1229       3.68549          4.1955          
 1230       1.95617          4.19737         
 1231       2.99173          4.19844         
 1232       4.37965          4.19975         
 1233       2.14566          4.2021          
 1234       4.93228          4.2039          
 1235       3.9976           4.2087          
 1236       3.30662          4.21218         
 1237       1.9697           4.21253         
 1238       2.89623          4.21542         
 1239       2.45432          4.22545         
 1240       3.89383          4.2262          
 1241       2.91876          4.22873         
 1242       2.18975          4.23529         
 1243       2.17148          4.23556         
 1244       1.93273          4.23884         
 1245       1.58877          4.23911         
 1246       0.612931         4.23924         
 1247       0.724429         4.24246         
 1248       4.65396          4.24273         
 1249       0.739211         4.24301         
 1250       3.44187          4.25953         
 1251       7.93521          4.26438         
 1252       4.55796          4.26585         
 1253       4.60358          4.2831          
 1254       4.26692          4.28539         
 1255       6.2314           4.28775         
 1256       2.64438          4.29839         
 1257       4.33943          4.2991          
 1258       0.737644         4.30636         
 1259       5.05813          4.30663         
 1260       0.739428         4.30691         
 1261       3.6246           4.31476         
 1262       3.64544          4.31869         
 1263       7.16314          4.3421          
 1264       3.34733          4.34315         
 1265       1.88804          4.34358         
 1266       5.52853          4.35242         
 1267       3.57342          4.35435         
 1268       3.01795          4.35593         
 1269       1.71195          4.35611         
 1270       0.577675         4.37195         
 1271       10.4781          4.37228         
 1272       0.788725         4.373           
 1273       2.24216          4.37776         
 1274       9.28594          4.3802          
 1275       1.38416          4.38105         
 1276       1.45461          4.38132         
 1277       1.67767          4.3846          
 1278       2.75647          4.385           
 1279       3.98339          4.3871          
 1280       0.657422         4.38737         
 1281       2.77724          4.39063         
 1282       1.43646          4.39112         
 1283       2.39706          4.39152         
 1284       0.60836          4.39172         
 1285       4.48768          4.39594         
 1286       0.73674          4.40843         
 1287       5.04055          4.40871         
 1288       0.740286         4.40898         
 1289       7.20902          4.4176          
 1290       5.60621          4.4239          
 1291       5.95086          4.44709         
 1292       5.80805          4.45819         
 1293       0.727562         4.45846         
 1294       6.7965           4.4649          
 1295       6.59747          4.46509         
 1296       0.42345          4.46543         
 1297       3.02546          4.47007         
 1298       7.45359          4.47558         
 1299       0.679622         4.50433         
 1300       1.81258          4.50479         
 1301       8.53691          4.50486         
 1302       0.6138           4.50527         
 1303       5.76491          4.51851         
 1304       3.45888          4.52501         
 1305       7.65945          4.52862         
 1306       4.37426          4.54017         
 1307       4.77221          4.55364         
 1308       11.5132          4.58453         
 1309       1.60666          4.60746         
 1310       0.72403          4.61068         
 1311       10.5945          4.61114         
 1312       0.713106         4.61161         
 1313       1.45204          4.61483         
 1314       8.90383          4.6196          
 1315       3.15361          4.62946         
 1316       2.62403          4.63182         
 1317       2.68099          4.63273         
 1318       4.13361          4.6373          
 1319       0.780258         4.6375          
 1320       3.68992          4.64407         
 1321       3.66899          4.65144         
 1322       2.99959          4.65492         
 1323       3.09489          4.65568         
 1324       4.58102          4.68842         
 1325       2.07628          4.70958         
 1326       2.07426          4.70966         
 1327       4.11085          4.71377         
 1328       4.08339          4.715           
 1329       2.82943          4.71984         
 1330       4.05772          4.72316         
 1331       1.9778           4.72648         
 1332       3.21453          4.72697         
 1333       2.24363          4.72976         
 1334       2.13106          4.73119         
 1335       4.51826          4.73304         
 1336       3.37434          4.73431         
 1337       2.51793          4.73641         
 1338       2.70097          4.74213         
 1339       2.67992          4.74349         
 1340       2.55968          4.74916         
 1341       3.95315          4.75038         
 1342       2.91988          4.75298         
 1343       2.97829          4.76222         
 1344       6.80861          4.76511         
 1345       0.749191         4.76545         
 1346       3.28065          4.77366         
 1347       2.91226          4.78021         
 1348       3.0356           4.78345         
 1349       1.70524          4.78349         
 1350       2.75708          4.78677         
 1351       0.725345         4.79329         
 1352       10.0249          4.79381         
 1353       0.722138         4.79433         
 1354       2.75825          4.79931         
 1355       2.24509          4.80381         
 1356       1.79081          4.80497         
 1357       3.05026          4.80541         
 1358       4.63763          4.80838         
 1359       0.718507         4.80865         
 1360       2.84009          4.81789         
 1361       3.75243          4.82121         
 1362       2.39408          4.82258         
 1363       3.32763          4.82628         
 1364       0.707166         4.82649         
 1365       8.739            4.83322         
 1366       0.699447         4.83369         
 1367       3.80085          4.83694         
 1368       3.97281          4.84033         
 1369       2.44024          4.84603         
 1370       2.45078          4.84694         
 1371       5.18299          4.85495         
 1372       2.41295          4.85748         
 1373       4.13258          4.86169         
 1374       2.91847          4.86219         
 1375       3.34371          4.86514         
 1376       1.62491          4.86847         
 1377       1.51967          4.86881         
 1378       3.93992          4.86955         
 1379       0.670685         4.87412         
 1380       4.7162           4.87446         
 1381       0.66777          4.87481         
 1382       3.20164          4.87806         
 1383       3.01755          4.88017         
 1384       4.25005          4.88152         
 1385       3.4911           4.88497         
 1386       3.66306          4.88836         
 1387       3.26254          4.89376         
 1388       3.08889          4.89501         
 1389       4.58834          4.89644         
 1390       3.05577          4.90712         
 1391       1.72292          4.90813         
 1392       4.84008          4.90972         
 1393       5.95822          4.9107          
 1394       1.81168          4.91244         
 1395       3.09646          4.91427         
 1396       4.24194          4.91758         
 1397       1.99671          4.91868         
 1398       2.0167           4.92099         
 1399       2.0938           4.92155         
 1400       4.20442          4.93161         
 1401       4.84436          4.93735         
 1402       3.49635          4.93852         
 1403       3.47441          4.94423         
 1404       4.79008          4.94536         
 1405       1.98962          4.95201         
 1406       3.24858          4.95241         
 1407       2.64841          4.95574         
 1408       1.91501          4.96238         
 1409       5.03286          4.963           
 1410       0.610707         4.96328         
 1411       2.19411          4.96658         
 1412       3.16589          4.96811         
 1413       2.11996          4.96897         
 1414       3.26005          4.97668         
 1415       1.99298          4.97758         
 1416       2.62667          4.98007         
 1417       2.40256          4.98063         
 1418       2.59077          4.98105         
 1419       3.68648          4.9853          
 1420       2.9983           4.99124         
 1421       0.670736         4.99144         
 1422       6.45124          4.99476         
 1423       0.689621         4.99517         
 1424       3.95949          5.00115         
 1425       5.73857          5.00186         
 1426       0.583969         5.00227         
 1427       3.88768          5.00659         
 1428       2.27393          5.00844         
 1429       0.467937         5.00874         
 1430       7.12274          5.00927         
 1431       0.603724         5.00979         
 1432       0.846472         5.01056         
 1433       2.80098          5.01626         
 1434       2.73642          5.01683         
 1435       2.05267          5.01842         
 1436       4.68211          5.02357         
 1437       0.619463         5.02391         
 1438       2.73861          5.02525         
 1439       0.620869         5.02713         
 1440       5.22101          5.02753         
 1441       0.635428         5.02794         
 1442       3.41673          5.0314          
 1443       3.38369          5.03178         
 1444       1.66334          5.03357         
 1445       3.7693           5.03449         
 1446       1.94903          5.03711         
 1447       1.89174          5.03805         
 1448       2.09211          5.03891         
 1449       2.8666           5.04469         
 1450       4.68409          5.05462         
 1451       0.717522         5.05489         
 1452       3.85869          5.05815         
 1453       2.5941           5.06159         
 1454       1.9202           5.06497         
 1455       0.696721         5.0651          
 1456       1.9027           5.06834         
 1457       3.07875          5.06874         
 1458       1.71869          5.07206         
 1459       0.639734         5.07219         
 1460       2.18037          5.07311         
 1461       2.33342          5.07666         
 1462       4.09421          5.07901         
 1463       0.682207         5.07928         
 1464       3.99689          5.08304         
 1465       0.659582         5.08331         
 1466       1.82039          5.08571         
 1467       1.64672          5.08655         
 1468       6.48301          5.08725         
 1469       1.95093          5.09456         
 1470       0.691362         5.09469         
 1471       3.70963          5.09795         
 1472       0.68586          5.1012          
 1473       6.43024          5.10161         
 1474       0.693495         5.10202         
 1475       4.10699          5.10608         
 1476       8.5684           5.11971         
 1477       7.42928          5.12876         
 1478       1.67943          5.1319          
 1479       3.55533          5.13244         
 1480       0.619393         5.13272         
 1481       0.668036         5.13593         
 1482       4.51209          5.13628         
 1483       0.381785         5.13636         
 1484       2.87648          5.13988         
 1485       0.669986         5.14008         
 1486       3.41948          5.14334         
 1487       2.8468           5.14696         
 1488       2.82826          5.14744         
 1489       2.17213          5.15016         
 1490       4.39948          5.15298         
 1491       1.84729          5.15615         
 1492       3.58753          5.15707         
 1493       0.640618         5.15734         
 1494       1.94621          5.16058         
 1495       6.09566          5.16227         
 1496       2.6252           5.1639          
 1497       2.73667          5.16447         
 1498       4.16134          5.17131         
 1499       0.662633         5.17159         
 1500       4.70762          5.17391         
 1501       3.12106          5.17823         
 1502       0.695842         5.17843         
 1503       1.97362          5.18167         
 1504       0.706682         5.1818          
 1505       3.25404          5.19209         
 1506       11.557           5.19324         
 1507       0.627096         5.19386         
 1508       0.625515         5.19708         
 1509       3.68008          5.19736         
 1510       0.638334         5.19763         
 1511       6.05843          5.20441         
 1512       4.17561          5.20802         
 1513       2.99156          5.20857         
 1514       1.77672          5.21467         
 1515       0.659205         5.2148          
 1516       2.96179          5.21719         
 1517       4.88787          5.2181          
 1518       0.641686         5.21844         
 1519       2.37886          5.22168         
 1520       1.84594          5.22496         
 1521       0.678775         5.22508         
 1522       4.78337          5.22836         
 1523       1.78221          5.23173         
 1524       1.77685          5.232           
 1525       6.02758          5.23542         
 1526       2.42667          5.23883         
 1527       2.41389          5.24211         
 1528       2.96276          5.24543         
 1529       2.93705          5.24593         
 1530       4.52618          5.24889         
 1531       2.21764          5.25061         
 1532       2.51832          5.25278         
 1533       7.37439          5.26249         
 1534       2.01375          5.2635          
 1535       1.47142          5.26677         
 1536       5.25348          5.26681         
 1537       2.60233          5.27005         
 1538       6.03812          5.27683         
 1539       3.17908          5.29057         
 1540       0.676026         5.29077         
 1541       4.92198          5.29338         
 1542       2.20765          5.29385         
 1543       1.21148          5.29401         
 1544       2.24498          5.29593         
 1545       2.45256          5.29965         
 1546       2.20415          5.30198         
 1547       2.20498          5.30298         
 1548       2.40082          5.30557         
 1549       4.55802          5.30917         
 1550       4.5992           5.30976         
 1551       6.24003          5.31654         
 1552       0.728244         5.31688         
 1553       2.0318           5.32304         
 1554       3.37448          5.32344         
 1555       4.22707          5.32621         
 1556       8.17417          5.34012         
 1557       0.720117         5.34052         
 1558       2.17662          5.34376         
 1559       3.72191          5.34439         
 1560       5.72108          5.35552         
 1561       7.17228          5.35753         
 1562       4.32444          5.36016         
 1563       5.39724          5.37239         
 1564       4.84922          5.38119         
 1565       3.0659           5.38274         
 1566       3.79782          5.38781         
 1567       6.38507          5.41902         
 1568       2.51804          5.43159         
 1569       4.39683          5.4318          
 1570       4.82772          5.44119         
 1571       2.93863          5.44223         
 1572       3.45645          5.45729         
 1573       0.380929         5.45749         
 1574       12.3955          5.45815         
 1575       4.44323          5.46053         
 1576       4.50692          5.46926         
 1577       2.68471          5.46972         
 1578       5.06639          5.52182         
 1579       0.698832         5.52482         
 1580       8.11038          5.52523         
 1581       0.717911         5.52563         
 1582       2.09779          5.53241         
 1583       2.07953          5.53264         
 1584       0.679954         5.53588         
 1585       2.85623          5.53608         
 1586       0.677168         5.53629         
 1587       0.714832         5.5395          
 1588       6.01452          5.53985         
 1589       0.727552         5.54019         
 1590       7.0028           5.55087         
 1591       2.13432          5.55148         
 1592       2.61135          5.55281         
 1593       2.72622          5.56927         
 1594       2.55725          5.57035         
 1595       2.66505          5.57283         
 1596       7.44178          5.57566         
 1597       5.74764          5.58398         
 1598       4.02134          5.58635         
 1599       3.46631          5.59044         
 1600       3.49421          5.59075         
 1601       5.55835          5.59917         
 1602       2.26102          5.59937         
 1603       3.14767          5.62136         
 1604       2.91862          5.62344         
 1605       4.4882           5.62725         
 1606       5.39804          5.63409         
 1607       6.84368          5.63543         
 1608       0.679874         5.64112         
 1609       5.62108          5.64146         
 1610       0.676189         5.6418          
 1611       5.01087          5.64525         
 1612       0.712559         5.64553         
 1613       3.33645          5.6517          
 1614       9.76769          5.6726          
 1615       5.98204          5.67781         
 1616       0.684859         5.68431         
 1617       11.6108          5.68488         
 1618       0.664804         5.68546         
 1619       1.03458          5.68682         
 1620       1.24907          5.68868         
 1621       6.79855          5.69369         
 1622       0.733118         5.69403         
 1623       3.69364          5.70895         
 1624       2.99424          5.71007         
 1625       0.639329         5.71028         
 1626       4.5659           5.71356         
 1627       0.681952         5.71383         
 1628       5.55217          5.71711         
 1629       3.64347          5.7238          
 1630       0.74632          5.724           
 1631       2.75093          5.73164         
 1632       2.62526          5.73386         
 1633       11.1387          5.73891         
 1634       0.882767         5.74277         
 1635       0.620463         5.74338         
 1636       5.18534          5.74372         
 1637       0.66359          5.74407         
 1638       4.11891          5.75054         
 1639       4.23981          5.75397         
 1640       2.72023          5.7616          
 1641       2.68621          5.76328         
 1642       4.23625          5.76899         
 1643       6.70751          5.77606         
 1644       11.1692          5.77686         
 1645       1.34278          5.78158         
 1646       2.87165          5.78668         
 1647       0.702399         5.79201         
 1648       5.7173           5.79236         
 1649       0.7              5.7927          
 1650       5.83605          5.79757         
 1651       1.66682          5.80941         
 1652       3.02562          5.80947         
 1653       4.59803          5.81278         
 1654       0.701392         5.81306         
 1655       3.99659          5.81655         
 1656       4.72447          5.82223         
 1657       0.705732         5.8225          
 1658       4.06953          5.82576         
 1659       3.47198          5.83169         
 1660       2.09094          5.83209         
 1661       2.70047          5.83874         
 1662       3.82165          5.84206         
 1663       4.68073          5.8463          
 1664       6.08807          5.84725         
 1665       1.21112          5.85402         
 1666       3.69022          5.85628         
 1667       0.632179         5.86046         
 1668       0.417113         5.86094         
 1669       16.9827          5.86125         
 1670       0.944826         5.86349         
 1671       1.09572          5.86526         
 1672       1.09862          5.86848         
 1673       4.31773          5.87051         
 1674       1.95728          5.87171         
 1675       3.75117          5.87508         
 1676       0.589408         5.87535         
 1677       4.18013          5.87661         
 1678       5.70657          5.8809          
 1679       2.10121          5.88298         
 1680       4.4701           5.88634         
 1681       2.66818          5.88946         
 1682       3.84682          5.88988         
 1683       7.85576          5.89363         
 1684       0.639146         5.89409         
 1685       3.10236          5.89648         
 1686       1.98463          5.89733         
 1687       7.14658          5.90185         
 1688       6.59841          5.91458         
 1689       6.85522          5.91766         
 1690       6.85558          5.94868         
 1691       3.87455          5.9644          
 1692       5.78094          5.96703         
 1693       6.70956          5.97276         
 1694       8.61511          6.04532         
 1695       7.6159           6.04758         
 1696       0.686932         6.04785         
 1697       5.27008          6.05936         
 1698       3.76028          6.14869         
 1699       3.94144          6.14938         
 1700       4.93844          6.16093         
 1701       1.85028          6.19001         
 1702       1.79986          6.19011         
 1703       2.51202          6.19097         
 1704       2.5839           6.19329         
 1705       2.22631          6.19438         
 1706       2.391            6.19485         
 1707       2.62467          6.20097         
 1708       2.64153          6.20125         
 1709       7.3417           6.21281         
 1710       0.677248         6.21534         
 1711       7.41101          6.21568         
 1712       0.698925         6.21603         
 1713       1.39291          6.26286         
 1714       0.729691         6.26475         
 1715       9.68253          6.26522         
 1716       0.716742         6.26568         
 1717       1.37862          6.2689          
 1718       7.27274          6.27338         
 1719       3.27998          6.27629         
 1720       0.665738         6.27649         
 1721       3.38245          6.27975         
 1722       0.702052         6.27995         
