 # i        j         
 0          6         
 0          1718      
 1          2         
 2          7         
 2          3         
 2          4         
 2          1706      
 2          47        
 4          5         
 4          6         
 6          7         
 6          31        
 7          8         
 8          9         
 10         11        
 10         12        
 10         13        
 10         24        
 11         1719      
 11         1721      
 11         27        
 11         12        
 11         13        
 14         15        
 14         16        
 14         17        
 16         78        
 17         1644      
 17         1715      
 17         19        
 17         18        
 18         104       
 19         104       
 20         21        
 20         235       
 20         1644      
 22         58        
 22         25        
 23         25        
 23         44        
 24         25        
 26         27        
 27         50        
 27         28        
 27         33        
 27         40        
 27         29        
 27         44        
 29         50        
 30         31        
 30         55        
 32         33        
 33         34        
 33         36        
 35         36        
 36         37        
 36         38        
 36         39        
 39         42        
 40         41        
 41         42        
 41         44        
 42         43        
 44         58        
 45         47        
 45         68        
 46         47        
 47         48        
 47         49        
 49         54        
 50         63        
 50         60        
 50         52        
 51         52        
 52         53        
 54         59        
 55         70        
 55         65        
 56         57        
 56         67        
 56         58        
 59         65        
 60         61        
 60         62        
 62         63        
 62         67        
 62         233       
 62         1718      
 63         64        
 65         87        
 66         70        
 66         116       
 66         216       
 66         67        
 66         142       
 66         1709      
 68         69        
 68         73        
 68         113       
 69         72        
 70         71        
 70         85        
 72         74        
 73         75        
 74         157       
 74         81        
 74         77        
 74         118       
 74         1709      
 75         76        
 76         96        
 76         80        
 76         77        
 77         82        
 78         123       
 79         80        
 79         81        
 81         83        
 82         84        
 83         88        
 83         84        
 85         86        
 86         87        
 87         116       
 87         112       
 88         89        
 89         90        
 89         92        
 91         92        
 92         96        
 92         94        
 92         93        
 94         96        
 94         95        
 96         97        
 96         118       
 97         98        
 99         101       
 99         100       
 99         108       
 99         120       
 99         124       
 100        101       
 101        102       
 103        104       
 103        126       
 104        128       
 104        107       
 104        119       
 104        126       
 104        124       
 105        106       
 105        107       
 106        149       
 106        121       
 108        113       
 108        110       
 108        109       
 109        113       
 109        111       
 110        113       
 110        111       
 112        113       
 113        114       
 113        141       
 114        115       
 115        116       
 116        117       
 116        131       
 118        120       
 118        119       
 119        165       
 119        124       
 119        127       
 120        133       
 121        122       
 121        128       
 122        135       
 123        125       
 124        165       
 124        125       
 124        1704      
 125        180       
 126        157       
 126        153       
 126        127       
 126        129       
 126        134       
 126        139       
 127        157       
 127        154       
 129        130       
 131        132       
 132        140       
 133        157       
 134        139       
 135        136       
 136        138       
 136        137       
 137        139       
 138        151       
 139        156       
 140        145       
 140        153       
 140        141       
 141        163       
 142        143       
 142        148       
 143        153       
 144        147       
 144        153       
 144        148       
 145        146       
 146        147       
 149        150       
 150        165       
 151        152       
 152        165       
 152        155       
 153        184       
 154        157       
 155        156       
 156        160       
 157        158       
 157        217       
 157        179       
 158        159       
 160        161       
 160        164       
 161        162       
 161        163       
 163        164       
 163        172       
 165        176       
 165        173       
 165        166       
 165        234       
 166        176       
 167        176       
 168        169       
 169        170       
 169        173       
 171        195       
 171        172       
 173        174       
 174        178       
 175        176       
 175        227       
 176        177       
 176        182       
 176        178       
 176        214       
 177        236       
 178        179       
 180        181       
 181        222       
 182        183       
 183        185       
 183        184       
 185        187       
 186        198       
 186        201       
 186        187       
 187        190       
 187        188       
 188        189       
 189        195       
 190        191       
 191        192       
 192        199       
 193        195       
 194        195       
 195        196       
 195        197       
 195        200       
 195        201       
 195        227       
 198        205       
 198        199       
 198        202       
 200        201       
 201        204       
 202        203       
 203        212       
 203        211       
 204        209       
 204        205       
 204        210       
 205        207       
 205        211       
 206        207       
 207        208       
 207        209       
 209        213       
 210        211       
 210        213       
 211        212       
 211        213       
 214        216       
 214        234       
 215        216       
 216        218       
 216        219       
 216        217       
 216        319       
 216        234       
 220        222       
 221        222       
 222        223       
 222        224       
 222        225       
 222        228       
 222        227       
 222        243       
 226        238       
 226        227       
 227        228       
 229        231       
 230        231       
 231        232       
 231        235       
 231        239       
 231        234       
 233        234       
 234        235       
 235        302       
 236        237       
 237        243       
 238        258       
 238        246       
 239        407       
 239        254       
 239        242       
 239        302       
 240        244       
 240        241       
 240        243       
 242        243       
 243        246       
 243        253       
 243        251       
 244        245       
 244        252       
 246        249       
 246        247       
 246        303       
 247        248       
 249        250       
 251        252       
 251        257       
 252        255       
 253        257       
 253        269       
 254        277       
 254        256       
 255        261       
 256        257       
 257        267       
 257        263       
 258        259       
 258        300       
 260        283       
 260        261       
 260        262       
 260        276       
 262        267       
 263        270       
 263        264       
 263        273       
 263        274       
 263        265       
 265        275       
 265        269       
 266        267       
 267        279       
 267        282       
 267        268       
 269        272       
 269        276       
 270        271       
 270        273       
 272        274       
 272        280       
 273        274       
 274        275       
 275        279       
 276        281       
 276        285       
 277        278       
 279        284       
 280        284       
 281        284       
 281        286       
 282        283       
 282        286       
 283        288       
 283        293       
 283        287       
 283        284       
 284        287       
 285        286       
 285        287       
 288        290       
 289        290       
 290        291       
 290        292       
 293        295       
 294        295       
 295        298       
 295        296       
 297        298       
 298        299       
 300        310       
 300        301       
 302        308       
 302        303       
 302        312       
 303        313       
 304        305       
 305        306       
 305        321       
 305        319       
 307        308       
 308        309       
 308        312       
 310        311       
 310        320       
 312        407       
 312        313       
 312        323       
 312        411       
 313        314       
 314        316       
 315        316       
 316        317       
 318        320       
 318        319       
 318        326       
 320        327       
 320        337       
 321        322       
 322        332       
 322        329       
 323        385       
 323        324       
 323        361       
 323        347       
 324        326       
 324        370       
 325        328       
 325        326       
 327        338       
 327        337       
 328        330       
 329        330       
 329        352       
 330        343       
 331        332       
 332        333       
 332        335       
 332        351       
 332        340       
 332        334       
 335        336       
 337        338       
 337        347       
 337        346       
 337        361       
 338        339       
 338        348       
 338        347       
 340        341       
 341        342       
 342        350       
 343        365       
 343        344       
 343        345       
 345        352       
 346        347       
 347        348       
 347        374       
 347        362       
 349        350       
 349        352       
 350        351       
 350        353       
 350        354       
 350        352       
 352        365       
 353        357       
 353        354       
 354        355       
 355        360       
 356        357       
 357        358       
 357        360       
 357        359       
 359        367       
 359        360       
 361        371       
 361        375       
 361        362       
 362        365       
 362        370       
 363        365       
 364        365       
 365        366       
 365        369       
 365        372       
 365        370       
 367        368       
 368        369       
 370        371       
 371        373       
 372        377       
 373        376       
 374        375       
 374        383       
 375        392       
 376        377       
 376        390       
 376        381       
 377        379       
 377        384       
 378        379       
 379        380       
 381        383       
 381        382       
 383        392       
 383        384       
 384        393       
 384        399       
 385        387       
 385        411       
 386        387       
 387        388       
 389        390       
 390        391       
 390        392       
 392        393       
 392        398       
 392        412       
 392        408       
 393        395       
 393        397       
 394        395       
 395        396       
 395        400       
 397        400       
 398        399       
 398        409       
 399        400       
 399        414       
 400        402       
 400        401       
 401        402       
 402        404       
 403        404       
 404        405       
 406        407       
 406        433       
 407        410       
 407        415       
 407        450       
 407        490       
 408        422       
 408        409       
 409        411       
 409        417       
 409        413       
 411        498       
 412        417       
 412        419       
 413        414       
 413        419       
 415        416       
 416        434       
 417        427       
 417        428       
 417        421       
 417        420       
 417        419       
 418        423       
 418        422       
 419        454       
 420        422       
 420        421       
 422        423       
 422        425       
 423        424       
 423        426       
 423        425       
 425        426       
 427        429       
 427        428       
 428        431       
 429        430       
 431        432       
 433        434       
 433        435       
 434        441       
 434        445       
 434        447       
 434        446       
 435        440       
 435        436       
 435        437       
 436        439       
 436        437       
 437        440       
 437        439       
 437        438       
 439        440       
 440        451       
 440        449       
 441        442       
 441        444       
 441        448       
 442        443       
 442        445       
 444        445       
 445        453       
 446        461       
 446        453       
 447        461       
 447        448       
 448        452       
 449        451       
 450        451       
 451        465       
 451        456       
 451        457       
 451        483       
 452        453       
 454        455       
 454        469       
 454        480       
 456        458       
 457        458       
 458        459       
 458        460       
 459        461       
 460        461       
 461        462       
 461        471       
 462        463       
 463        464       
 465        467       
 465        480       
 466        467       
 467        468       
 469        470       
 469        479       
 469        473       
 471        475       
 471        472       
 472        473       
 473        475       
 473        480       
 473        474       
 474        480       
 475        477       
 475        476       
 477        478       
 479        480       
 479        486       
 480        481       
 480        489       
 480        483       
 481        482       
 483        491       
 484        485       
 484        487       
 484        486       
 486        487       
 487        488       
 489        490       
 490        492       
 490        491       
 492        493       
 492        508       
 492        498       
 494        495       
 495        496       
 495        497       
 495        498       
 497        506       
 497        508       
 497        498       
 498        499       
 499        502       
 499        500       
 499        505       
 499        507       
 501        502       
 502        503       
 502        504       
 502        506       
 505        506       
 506        510       
 506        522       
 506        521       
 506        507       
 506        515       
 508        517       
 508        519       
 508        556       
 508        509       
 509        519       
 509        541       
 509        556       
 510        511       
 510        515       
 512        517       
 512        515       
 513        515       
 513        514       
 514        522       
 515        517       
 515        527       
 515        516       
 516        527       
 517        518       
 517        537       
 519        520       
 519        527       
 521        522       
 522        524       
 522        523       
 522        539       
 522        532       
 522        538       
 524        525       
 525        526       
 527        528       
 527        530       
 527        529       
 527        541       
 529        530       
 530        531       
 532        533       
 533        534       
 533        535       
 535        536       
 535        540       
 537        548       
 537        538       
 538        550       
 538        540       
 538        548       
 539        540       
 540        544       
 540        550       
 540        542       
 540        555       
 541        546       
 541        547       
 541        562       
 542        544       
 542        543       
 544        545       
 546        547       
 548        555       
 549        576       
 549        550       
 549        604       
 550        551       
 550        554       
 550        552       
 550        604       
 552        553       
 553        555       
 554        555       
 555        584       
 555        567       
 555        558       
 555        630       
 555        575       
 555        562       
 555        556       
 556        605       
 556        557       
 556        662       
 557        591       
 558        604       
 559        575       
 559        562       
 560        567       
 560        574       
 560        561       
 560        573       
 560        562       
 561        569       
 562        584       
 562        565       
 562        563       
 563        565       
 564        565       
 565        567       
 565        593       
 565        597       
 566        567       
 567        568       
 567        575       
 569        572       
 569        570       
 569        571       
 570        573       
 571        573       
 572        573       
 574        575       
 575        584       
 575        590       
 576        577       
 576        578       
 576        580       
 576        604       
 578        579       
 578        580       
 580        581       
 580        604       
 582        584       
 583        584       
 584        585       
 584        586       
 584        587       
 584        588       
 584        596       
 584        592       
 588        589       
 590        592       
 591        597       
 591        662       
 592        597       
 592        598       
 593        597       
 594        597       
 594        625       
 595        599       
 595        596       
 595        602       
 595        597       
 596        599       
 597        601       
 597        602       
 597        629       
 597        598       
 597        625       
 599        600       
 601        625       
 603        619       
 603        604       
 603        616       
 604        619       
 604        612       
 604        607       
 605        606       
 605        609       
 605        662       
 607        619       
 607        622       
 607        608       
 607        630       
 608        609       
 609        613       
 610        611       
 610        614       
 610        612       
 612        637       
 612        613       
 613        621       
 614        615       
 616        617       
 617        628       
 618        619       
 619        620       
 619        635       
 619        621       
 619        650       
 619        643       
 622        640       
 622        626       
 622        623       
 622        630       
 622        625       
 623        624       
 625        640       
 625        631       
 625        678       
 625        679       
 625        629       
 625        630       
 626        627       
 626        633       
 628        643       
 630        631       
 631        640       
 631        632       
 633        634       
 633        637       
 635        636       
 635        651       
 637        638       
 637        664       
 639        640       
 640        641       
 640        642       
 643        665       
 643        644       
 643        645       
 643        646       
 644        648       
 645        648       
 646        647       
 647        648       
 648        651       
 648        649       
 649        650       
 650        652       
 650        654       
 650        656       
 650        651       
 650        662       
 652        653       
 652        654       
 654        655       
 656        659       
 656        657       
 658        659       
 659        660       
 661        678       
 661        755       
 661        662       
 663        667       
 663        665       
 664        665       
 665        666       
 665        668       
 666        669       
 667        669       
 668        671       
 669        670       
 669        671       
 670        672       
 671        680       
 671        682       
 672        686       
 673        674       
 674        678       
 674        675       
 676        678       
 677        678       
 678        679       
 680        693       
 680        681       
 681        682       
 682        683       
 682        688       
 683        686       
 683        684       
 684        686       
 685        686       
 685        694       
 686        690       
 686        687       
 686        704       
 687        690       
 687        694       
 688        690       
 688        699       
 689        690       
 690        691       
 690        696       
 692        693       
 692        701       
 693        703       
 694        696       
 695        713       
 695        1701      
 695        696       
 696        697       
 697        713       
 697        699       
 697        702       
 698        700       
 698        699       
 699        704       
 700        703       
 701        703       
 701        702       
 702        706       
 702        704       
 703        704       
 704        707       
 704        705       
 706        713       
 706        707       
 707        708       
 708        709       
 709        713       
 709        710       
 711        713       
 711        1186      
 712        713       
 713        714       
 715        716       
 715        717       
 717        718       
 717        724       
 718        724       
 718        719       
 719        724       
 719        720       
 720        721       
 721        729       
 722        723       
 722        725       
 722        724       
 724        725       
 724        736       
 725        732       
 726        727       
 727        728       
 727        729       
 729        733       
 730        731       
 731        732       
 732        733       
 733        734       
 734        735       
 735        776       
 736        737       
 737        763       
 737        738       
 737        742       
 738        742       
 739        740       
 739        741       
 741        743       
 742        763       
 742        745       
 743        747       
 744        746       
 744        756       
 745        746       
 746        751       
 747        781       
 748        749       
 748        752       
 748        750       
 750        752       
 750        757       
 751        757       
 751        764       
 751        753       
 751        758       
 751        808       
 751        756       
 752        763       
 753        757       
 754        909       
 754        849       
 754        755       
 755        828       
 756        758       
 756        761       
 757        763       
 757        761       
 757        758       
 758        759       
 759        763       
 760        777       
 760        761       
 761        777       
 762        763       
 762        765       
 763        764       
 763        807       
 765        767       
 766        786       
 766        777       
 766        767       
 767        768       
 769        770       
 769        777       
 771        772       
 772        774       
 772        773       
 772        778       
 774        775       
 774        778       
 776        777       
 776        788       
 776        808       
 778        779       
 778        781       
 778        783       
 778        788       
 779        780       
 779        782       
 781        783       
 782        784       
 784        786       
 784        785       
 785        786       
 786        787       
 786        789       
 786        788       
 788        793       
 788        807       
 789        790       
 790        796       
 790        791       
 790        792       
 791        795       
 792        796       
 793        811       
 793        794       
 795        798       
 796        806       
 796        797       
 796        802       
 797        798       
 798        811       
 799        800       
 799        801       
 801        805       
 802        806       
 803        804       
 803        805       
 805        806       
 806        815       
 807        811       
 807        835       
 807        808       
 808        811       
 809        810       
 810        811       
 811        812       
 811        814       
 811        822       
 812        813       
 812        814       
 814        816       
 814        822       
 815        817       
 815        820       
 815        816       
 817        818       
 817        820       
 819        820       
 819        824       
 820        821       
 821        823       
 822        840       
 823        825       
 824        825       
 825        831       
 826        828       
 826        845       
 826        884       
 827        1192      
 827        828       
 828        857       
 829        839       
 829        830       
 830        835       
 831        832       
 831        836       
 833        834       
 833        837       
 833        835       
 833        887       
 836        901       
 837        839       
 838        840       
 838        885       
 838        1096      
 839        889       
 839        882       
 840        841       
 840        843       
 840        873       
 842        874       
 842        843       
 843        844       
 845        846       
 845        868       
 845        866       
 846        847       
 846        855       
 847        848       
 847        853       
 849        851       
 850        851       
 851        852       
 851        925       
 851        950       
 853        854       
 853        858       
 855        856       
 855        862       
 856        861       
 857        858       
 858        900       
 859        860       
 859        863       
 861        866       
 862        869       
 863        864       
 864        865       
 864        876       
 866        868       
 866        867       
 867        878       
 868        877       
 869        870       
 870        879       
 871        872       
 871        873       
 873        885       
 874        875       
 874        876       
 874        880       
 874        883       
 877        878       
 878        916       
 878        898       
 878        879       
 878        884       
 880        881       
 880        883       
 880        901       
 882        890       
 882        888       
 883        911       
 884        914       
 885        886       
 887        938       
 887        905       
 887        921       
 887        888       
 888        907       
 889        890       
 890        891       
 890        947       
 890        897       
 891        895       
 891        892       
 893        894       
 893        895       
 895        896       
 895        897       
 897        904       
 898        913       
 899        950       
 899        900       
 901        902       
 902        903       
 902        906       
 904        905       
 904        907       
 904        923       
 906        1096      
 906        911       
 907        923       
 908        909       
 909        910       
 909        1058      
 909        956       
 909        924       
 909        1036      
 911        912       
 913        916       
 914        924       
 914        915       
 915        916       
 916        917       
 916        928       
 916        918       
 916        922       
 916        929       
 918        919       
 919        920       
 920        925       
 921        964       
 921        923       
 922        924       
 923        1026      
 923        940       
 923        934       
 923        933       
 923        935       
 923        962       
 924        996       
 924        927       
 924        942       
 925        929       
 925        926       
 925        973       
 926        945       
 927        929       
 928        929       
 929        1053      
 929        930       
 931        940       
 931        934       
 931        933       
 931        932       
 931        936       
 932        935       
 935        936       
 935        962       
 936        962       
 937        945       
 938        1029      
 938        939       
 938        947       
 938        1001      
 940        1007      
 940        941       
 941        962       
 942        943       
 942        951       
 942        984       
 943        945       
 943        952       
 944        945       
 944        951       
 945        958       
 945        975       
 946        947       
 947        948       
 947        1093      
 949        1111      
 949        950       
 950        976       
 951        966       
 951        956       
 951        1036      
 952        953       
 952        979       
 954        955       
 954        962       
 955        959       
 955        962       
 956        975       
 957        965       
 957        960       
 957        958       
 959        964       
 960        965       
 961        964       
 961        962       
 962        1009      
 962        1010      
 962        1047      
 962        963       
 963        964       
 964        1029      
 964        1002      
 964        981       
 965        975       
 965        990       
 965        966       
 966        987       
 967        975       
 967        968       
 969        975       
 969        970       
 971        975       
 971        972       
 973        975       
 974        975       
 975        1072      
 975        977       
 975        978       
 975        976       
 975        1046      
 979        980       
 979        986       
 980        982       
 981        1001      
 981        1037      
 982        983       
 982        985       
 982        988       
 984        987       
 984        986       
 985        992       
 985        986       
 986        992       
 987        1002      
 987        988       
 988        1014      
 989        990       
 990        991       
 990        995       
 992        1020      
 993        994       
 993        996       
 995        1020      
 996        1039      
 997        998       
 997        999       
 999        1000      
 999        1001      
 999        1026      
 1002       1023      
 1002       1003      
 1002       1022      
 1004       1026      
 1004       1010      
 1005       1012      
 1005       1006      
 1005       1020      
 1006       1014      
 1007       1010      
 1008       1009      
 1009       1011      
 1009       1019      
 1009       1010      
 1009       1032      
 1012       1013      
 1014       1019      
 1015       1017      
 1015       1016      
 1015       1019      
 1017       1018      
 1017       1019      
 1019       1032      
 1020       1021      
 1020       1053      
 1022       1023      
 1022       1032      
 1023       1024      
 1023       1031      
 1025       1026      
 1026       1027      
 1026       1035      
 1026       1028      
 1026       1047      
 1028       1047      
 1029       1030      
 1029       1036      
 1029       1093      
 1031       1032      
 1032       1093      
 1033       1034      
 1033       1035      
 1035       1041      
 1036       1057      
 1036       1039      
 1036       1037      
 1037       1063      
 1038       1039      
 1039       1057      
 1039       1040      
 1041       1043      
 1041       1042      
 1041       1045      
 1043       1044      
 1043       1045      
 1045       1048      
 1046       1052      
 1047       1063      
 1047       1093      
 1047       1048      
 1048       1049      
 1049       1055      
 1049       1073      
 1050       1053      
 1050       1051      
 1052       1053      
 1053       1054      
 1053       1065      
 1053       1105      
 1053       1090      
 1053       1087      
 1053       1058      
 1053       1104      
 1055       1056      
 1055       1061      
 1055       1067      
 1056       1060      
 1057       1059      
 1057       1108      
 1057       1058      
 1060       1063      
 1060       1061      
 1061       1072      
 1062       1063      
 1063       1064      
 1063       1070      
 1063       1089      
 1063       1072      
 1063       1104      
 1065       1066      
 1065       1075      
 1067       1068      
 1067       1069      
 1068       1072      
 1069       1074      
 1069       1073      
 1070       1072      
 1070       1071      
 1072       1076      
 1072       1091      
 1072       1078      
 1072       1079      
 1072       1073      
 1072       1093      
 1073       1082      
 1073       1088      
 1074       1075      
 1074       1080      
 1075       1086      
 1076       1077      
 1078       1079      
 1079       1080      
 1080       1081      
 1081       1082      
 1082       1086      
 1082       1088      
 1083       1084      
 1084       1085      
 1084       1086      
 1086       1095      
 1086       1090      
 1086       1087      
 1088       1089      
 1089       1104      
 1091       1093      
 1092       1093      
 1092       1099      
 1092       1134      
 1093       1113      
 1093       1099      
 1093       1094      
 1095       1097      
 1096       1101      
 1096       1100      
 1096       1098      
 1097       1104      
 1098       1099      
 1099       1166      
 1099       1110      
 1099       1100      
 1099       1102      
 1099       1133      
 1102       1165      
 1103       1105      
 1103       1107      
 1104       1115      
 1104       1130      
 1106       1122      
 1106       1107      
 1108       1120      
 1108       1109      
 1110       1113      
 1110       1136      
 1111       1112      
 1112       1118      
 1113       1114      
 1115       1116      
 1116       1117      
 1116       1125      
 1118       1139      
 1118       1123      
 1119       1120      
 1119       1157      
 1119       1138      
 1120       1121      
 1122       1125      
 1122       1123      
 1123       1125      
 1124       1125      
 1125       1127      
 1125       1149      
 1125       1153      
 1125       1126      
 1127       1128      
 1127       1129      
 1129       1145      
 1129       1130      
 1129       1138      
 1131       1151      
 1131       1135      
 1131       1133      
 1131       1132      
 1132       1134      
 1132       1133      
 1132       1141      
 1133       1136      
 1135       1137      
 1135       1136      
 1135       1147      
 1136       1137      
 1136       1146      
 1138       1142      
 1139       1140      
 1139       1161      
 1139       1150      
 1141       1155      
 1141       1142      
 1142       1143      
 1143       1144      
 1143       1146      
 1144       1145      
 1144       1154      
 1146       1147      
 1147       1148      
 1147       1155      
 1148       1194      
 1149       1153      
 1149       1150      
 1150       1159      
 1151       1166      
 1151       1152      
 1153       1183      
 1153       1162      
 1153       1159      
 1153       1187      
 1154       1156      
 1155       1166      
 1156       1158      
 1156       1157      
 1157       1180      
 1157       1158      
 1159       1160      
 1160       1164      
 1161       1162      
 1162       1163      
 1162       1170      
 1162       1164      
 1164       1169      
 1165       1166      
 1165       1180      
 1166       1167      
 1166       1172      
 1166       1181      
 1168       1169      
 1169       1170      
 1170       1177      
 1170       1171      
 1172       1173      
 1172       1174      
 1174       1185      
 1175       1177      
 1175       1205      
 1175       1187      
 1176       1177      
 1177       1178      
 1177       1179      
 1180       1181      
 1180       1182      
 1181       1189      
 1181       1207      
 1181       1209      
 1182       1210      
 1183       1184      
 1183       1191      
 1185       1188      
 1185       1190      
 1186       1205      
 1186       1187      
 1187       1191      
 1188       1193      
 1189       1190      
 1191       1192      
 1191       1252      
 1191       1289      
 1193       1196      
 1194       1195      
 1194       1199      
 1194       1202      
 1196       1197      
 1197       1198      
 1198       1199      
 1199       1200      
 1199       1204      
 1201       1205      
 1201       1251      
 1202       1203      
 1202       1213      
 1203       1204      
 1203       1207      
 1203       1214      
 1205       1206      
 1205       1251      
 1207       1208      
 1208       1219      
 1208       1209      
 1208       1253      
 1208       1264      
 1208       1214      
 1209       1212      
 1210       1248      
 1210       1211      
 1211       1263      
 1211       1230      
 1211       1212      
 1211       1266      
 1212       1225      
 1213       1216      
 1213       1215      
 1214       1257      
 1214       1231      
 1214       1215      
 1215       1232      
 1216       1225      
 1216       1217      
 1216       1234      
 1218       1219      
 1220       1225      
 1220       1221      
 1220       1232      
 1222       1225      
 1223       1225      
 1224       1225      
 1224       1240      
 1225       1226      
 1225       1228      
 1225       1227      
 1225       1233      
 1225       1229      
 1229       1230      
 1229       1234      
 1231       1232      
 1231       1254      
 1232       1234      
 1233       1235      
 1234       1254      
 1235       1236      
 1235       1238      
 1236       1237      
 1236       1238      
 1237       1243      
 1239       1240      
 1239       1242      
 1240       1241      
 1241       1244      
 1242       1243      
 1244       1245      
 1245       1246      
 1247       1248      
 1248       1249      
 1248       1259      
 1250       1271      
 1250       1251      
 1251       1271      
 1251       1252      
 1252       1295      
 1253       1255      
 1253       1266      
 1254       1255      
 1255       1257      
 1255       1268      
 1256       1261      
 1256       1257      
 1258       1259      
 1259       1260      
 1259       1263      
 1261       1262      
 1262       1274      
 1263       1287      
 1263       1266      
 1263       1314      
 1264       1265      
 1264       1294      
 1265       1274      
 1266       1268      
 1267       1287      
 1267       1269      
 1267       1268      
 1269       1314      
 1270       1271      
 1271       1279      
 1271       1272      
 1271       1307      
 1271       1278      
 1271       1294      
 1273       1292      
 1273       1274      
 1274       1281      
 1274       1275      
 1274       1276      
 1274       1277      
 1274       1290      
 1275       1276      
 1277       1278      
 1278       1279      
 1279       1280      
 1279       1285      
 1281       1283      
 1281       1282      
 1282       1283      
 1283       1284      
 1285       1289      
 1285       1294      
 1286       1287      
 1287       1288      
 1289       1301      
 1289       1290      
 1290       1301      
 1291       1311      
 1291       1298      
 1291       1294      
 1292       1293      
 1292       1297      
 1292       1298      
 1294       1295      
 1295       1296      
 1295       1308      
 1295       1301      
 1297       1298      
 1298       1305      
 1299       1301      
 1300       1301      
 1300       1327      
 1301       1302      
 1303       1305      
 1303       1304      
 1303       1306      
 1304       1305      
 1305       1307      
 1306       1308      
 1308       1311      
 1308       1574      
 1308       1561      
 1309       1311      
 1310       1311      
 1311       1312      
 1311       1324      
 1311       1313      
 1314       1316      
 1314       1315      
 1314       1320      
 1315       1317      
 1316       1318      
 1317       1332      
 1318       1338      
 1318       1319      
 1320       1323      
 1321       1322      
 1321       1328      
 1322       1323      
 1324       1325      
 1325       1326      
 1326       1335      
 1327       1329      
 1327       1335      
 1328       1330      
 1328       1341      
 1329       1355      
 1330       1333      
 1330       1336      
 1331       1332      
 1331       1337      
 1332       1344      
 1333       1334      
 1334       1335      
 1335       1362      
 1336       1352      
 1336       1337      
 1338       1339      
 1339       1341      
 1340       1341      
 1340       1342      
 1342       1357      
 1343       1344      
 1343       1350      
 1344       1345      
 1344       1346      
 1344       1349      
 1346       1347      
 1347       1352      
 1348       1365      
 1348       1350      
 1348       1349      
 1351       1352      
 1352       1365      
 1352       1354      
 1352       1358      
 1352       1368      
 1352       1353      
 1354       1355      
 1356       1358      
 1356       1357      
 1357       1361      
 1358       1359      
 1358       1360      
 1360       1367      
 1361       1372      
 1361       1369      
 1362       1363      
 1363       1364      
 1363       1445      
 1365       1366      
 1365       1375      
 1365       1368      
 1365       1384      
 1365       1367      
 1367       1374      
 1368       1380      
 1369       1370      
 1370       1371      
 1371       1372      
 1371       1386      
 1371       1373      
 1373       1376      
 1373       1374      
 1373       1384      
 1374       1377      
 1375       1378      
 1375       1382      
 1376       1378      
 1377       1378      
 1378       1385      
 1379       1380      
 1380       1381      
 1380       1391      
 1380       1383      
 1382       1392      
 1382       1385      
 1383       1473      
 1383       1389      
 1384       1440      
 1384       1389      
 1385       1393      
 1386       1401      
 1386       1388      
 1387       1422      
 1387       1396      
 1387       1389      
 1388       1389      
 1388       1390      
 1390       1395      
 1390       1403      
 1391       1392      
 1392       1436      
 1392       1393      
 1392       1404      
 1393       1398      
 1393       1414      
 1393       1394      
 1393       1400      
 1394       1424      
 1395       1396      
 1395       1401      
 1396       1399      
 1396       1397      
 1397       1412      
 1398       1399      
 1400       1409      
 1400       1404      
 1401       1413      
 1401       1402      
 1402       1424      
 1402       1403      
 1403       1422      
 1404       1406      
 1404       1418      
 1405       1407      
 1405       1406      
 1406       1409      
 1407       1408      
 1408       1409      
 1409       1410      
 1409       1416      
 1411       1447      
 1411       1413      
 1412       1425      
 1412       1430      
 1414       1415      
 1414       1417      
 1415       1427      
 1416       1420      
 1416       1417      
 1417       1418      
 1418       1433      
 1419       1425      
 1419       1422      
 1419       1476      
 1420       1421      
 1420       1434      
 1422       1423      
 1422       1436      
 1422       1468      
 1424       1425      
 1424       1430      
 1425       1426      
 1425       1428      
 1425       1430      
 1427       1506      
 1427       1434      
 1427       1433      
 1428       1430      
 1428       1452      
 1429       1430      
 1430       1431      
 1430       1450      
 1430       1432      
 1433       1434      
 1435       1445      
 1435       1443      
 1436       1437      
 1436       1462      
 1436       1468      
 1438       1516      
 1438       1449      
 1438       1443      
 1439       1440      
 1440       1441      
 1440       1453      
 1440       1482      
 1440       1443      
 1442       1458      
 1442       1444      
 1442       1446      
 1442       1443      
 1444       1448      
 1445       1449      
 1445       1461      
 1446       1484      
 1447       1448      
 1450       1451      
 1450       1452      
 1450       1468      
 1452       1476      
 1453       1457      
 1454       1455      
 1454       1456      
 1456       1457      
 1457       1471      
 1458       1459      
 1460       1509      
 1460       1461      
 1462       1464      
 1462       1477      
 1462       1463      
 1464       1465      
 1464       1466      
 1464       1476      
 1466       1467      
 1467       1468      
 1468       1500      
 1468       1491      
 1469       1470      
 1469       1471      
 1471       1475      
 1472       1473      
 1473       1474      
 1473       1513      
 1473       1475      
 1473       1482      
 1475       1490      
 1476       1477      
 1476       1479      
 1476       1478      
 1477       1495      
 1477       1478      
 1477       1500      
 1477       1486      
 1479       1496      
 1479       1480      
 1479       1489      
 1481       1482      
 1482       1483      
 1482       1522      
 1484       1485      
 1484       1487      
 1486       1492      
 1486       1490      
 1487       1488      
 1487       1497      
 1488       1495      
 1488       1541      
 1489       1494      
 1490       1495      
 1490       1513      
 1491       1492      
 1492       1493      
 1492       1505      
 1494       1497      
 1495       1503      
 1495       1496      
 1495       1538      
 1496       1497      
 1498       1506      
 1498       1501      
 1498       1499      
 1498       1500      
 1500       1506      
 1501       1506      
 1501       1502      
 1503       1504      
 1505       1506      
 1505       1525      
 1506       1538      
 1506       1507      
 1506       1529      
 1506       1551      
 1506       1525      
 1508       1509      
 1509       1510      
 1509       1549      
 1511       1517      
 1511       1537      
 1511       1533      
 1511       1532      
 1511       1561      
 1512       1522      
 1512       1516      
 1512       1513      
 1512       1562      
 1514       1517      
 1514       1515      
 1516       1519      
 1517       1518      
 1517       1527      
 1517       1530      
 1519       1546      
 1520       1521      
 1520       1522      
 1522       1556      
 1523       1524      
 1523       1525      
 1524       1526      
 1525       1551      
 1525       1528      
 1526       1528      
 1527       1530      
 1528       1529      
 1529       1542      
 1530       1533      
 1530       1531      
 1531       1536      
 1532       1533      
 1533       1534      
 1533       1535      
 1533       1564      
 1534       1536      
 1535       1536      
 1536       1550      
 1536       1575      
 1537       1539      
 1538       1541      
 1538       1556      
 1539       1540      
 1539       1550      
 1541       1544      
 1541       1543      
 1541       1559      
 1542       1545      
 1542       1543      
 1544       1554      
 1545       1551      
 1546       1547      
 1547       1560      
 1548       1549      
 1548       1550      
 1549       1578      
 1549       1550      
 1551       1552      
 1551       1563      
 1553       1558      
 1553       1554      
 1554       1555      
 1555       1556      
 1555       1560      
 1556       1557      
 1556       1562      
 1556       1567      
 1558       1559      
 1559       1563      
 1560       1565      
 1560       1562      
 1561       1574      
 1561       1564      
 1561       1575      
 1563       1568      
 1564       1574      
 1565       1566      
 1566       1570      
 1567       1596      
 1567       1570      
 1568       1569      
 1569       1601      
 1569       1597      
 1570       1571      
 1571       1577      
 1572       1573      
 1572       1574      
 1572       1590      
 1574       1580      
 1574       1590      
 1574       1575      
 1574       1578      
 1576       1596      
 1576       1583      
 1576       1577      
 1578       1580      
 1579       1580      
 1580       1588      
 1580       1581      
 1580       1640      
 1582       1603      
 1582       1583      
 1584       1585      
 1585       1586      
 1585       1588      
 1587       1588      
 1588       1589      
 1588       1590      
 1590       1591      
 1590       1653      
 1591       1592      
 1592       1703      
 1593       1596      
 1593       1594      
 1594       1604      
 1595       1617      
 1595       1596      
 1596       1609      
 1597       1617      
 1597       1599      
 1597       1598      
 1598       1607      
 1598       1615      
 1599       1601      
 1599       1600      
 1600       1601      
 1600       1607      
 1601       1602      
 1602       1606      
 1603       1605      
 1604       1624      
 1605       1609      
 1605       1613      
 1606       1611      
 1606       1607      
 1606       1614      
 1607       1611      
 1607       1621      
 1608       1609      
 1609       1610      
 1609       1644      
 1611       1612      
 1611       1614      
 1613       1631      
 1614       1626      
 1614       1621      
 1614       1628      
 1614       1615      
 1615       1617      
 1615       1643      
 1616       1617      
 1617       1619      
 1617       1618      
 1617       1620      
 1617       1652      
 1617       1644      
 1621       1622      
 1621       1641      
 1621       1633      
 1623       1626      
 1623       1638      
 1623       1628      
 1624       1625      
 1624       1653      
 1626       1627      
 1626       1633      
 1628       1629      
 1628       1633      
 1629       1630      
 1629       1633      
 1631       1632      
 1632       1650      
 1633       1636      
 1633       1639      
 1633       1643      
 1633       1650      
 1634       1636      
 1635       1636      
 1636       1637      
 1636       1638      
 1638       1642      
 1639       1641      
 1639       1646      
 1640       1644      
 1642       1648      
 1642       1643      
 1643       1644      
 1643       1655      
 1644       1648      
 1644       1645      
 1646       1656      
 1647       1648      
 1648       1649      
 1648       1650      
 1650       1651      
 1651       1652      
 1652       1695      
 1653       1705      
 1653       1654      
 1655       1687      
 1655       1658      
 1656       1657      
 1656       1682      
 1656       1688      
 1658       1669      
 1658       1681      
 1659       1661      
 1659       1660      
 1659       1662      
 1660       1677      
 1661       1663      
 1662       1677      
 1662       1664      
 1663       1669      
 1663       1680      
 1663       1664      
 1664       1669      
 1664       1680      
 1664       1678      
 1665       1669      
 1666       1675      
 1666       1669      
 1666       1674      
 1667       1669      
 1668       1669      
 1669       1683      
 1669       1670      
 1669       1671      
 1669       1679      
 1669       1673      
 1669       1687      
 1669       1672      
 1673       1683      
 1673       1674      
 1673       1678      
 1675       1683      
 1675       1676      
 1675       1677      
 1677       1678      
 1678       1683      
 1678       1680      
 1679       1682      
 1680       1686      
 1681       1683      
 1681       1682      
 1682       1688      
 1683       1684      
 1683       1685      
 1685       1687      
 1685       1689      
 1686       1687      
 1687       1689      
 1688       1690      
 1688       1689      
 1689       1693      
 1690       1691      
 1690       1692      
 1691       1692      
 1692       1693      
 1693       1694      
 1694       1695      
 1694       1718      
 1694       1699      
 1695       1696      
 1695       1697      
 1697       1711      
 1698       1700      
 1698       1699      
 1700       1707      
 1701       1702      
 1702       1703      
 1704       1705      
 1706       1708      
 1707       1708      
 1709       1711      
 1709       1715      
 1710       1711      
 1711       1712      
 1711       1715      
 1713       1715      
 1714       1715      
 1715       1716      
 1715       1717      
 1718       1719      
 1718       1721      
 1719       1720      
 1721       1722      
