 # i        j         
 0          657       
 0          3         
 0          659       
 1          641       
 1          37        
 1          2         
 1          13        
 2          655       
 2          12        
 2          26        
 3          5         
 3          4         
 4          656       
 4          9         
 4          653       
 4          5         
 5          6         
 6          7         
 6          11        
 6          12        
 7          8         
 7          11        
 7          9         
 8          10        
 8          657       
 9          14        
 9          10        
 9          13        
 9          11        
 9          30        
 9          12        
 10         14        
 10         12        
 10         15        
 11         14        
 11         18        
 11         24        
 11         12        
 12         26        
 12         13        
 13         654       
 14         18        
 14         15        
 15         18        
 15         16        
 15         17        
 16         17        
 16         27        
 16         642       
 17         26        
 17         23        
 17         29        
 17         18        
 18         651       
 18         640       
 18         19        
 18         25        
 19         29        
 19         21        
 19         20        
 20         21        
 21         25        
 21         22        
 23         28        
 23         25        
 23         24        
 24         25        
 24         48        
 24         631       
 24         633       
 25         27        
 25         26        
 26         32        
 26         33        
 26         27        
 27         36        
 27         33        
 27         643       
 27         29        
 28         34        
 28         29        
 28         32        
 29         34        
 29         30        
 29         39        
 30         654       
 30         31        
 31         33        
 31         32        
 31         35        
 32         38        
 33         35        
 33         37        
 33         34        
 33         36        
 34         47        
 34         36        
 35         40        
 35         39        
 36         37        
 36         48        
 37         47        
 37         40        
 37         41        
 37         38        
 38         46        
 38         630       
 38         614       
 38         154       
 38         39        
 39         43        
 39         40        
 39         44        
 39         154       
 39         592       
 40         43        
 40         44        
 40         45        
 41         45        
 41         42        
 42         43        
 43         45        
 43         46        
 43         50        
 43         53        
 43         44        
 44         46        
 44         51        
 44         45        
 45         46        
 45         47        
 46         53        
 47         643       
 47         60        
 47         65        
 47         48        
 48         49        
 49         57        
 49         115       
 49         55        
 49         53        
 49         50        
 50         51        
 50         54        
 51         54        
 51         53        
 51         52        
 52         57        
 52         53        
 52         54        
 53         59        
 54         56        
 54         62        
 54         57        
 55         57        
 55         56        
 56         58        
 56         57        
 57         62        
 57         61        
 57         58        
 58         59        
 59         61        
 59         62        
 59         60        
 60         68        
 60         80        
 61         62        
 61         63        
 61         64        
 61         66        
 62         69        
 62         63        
 62         64        
 63         64        
 63         71        
 63         66        
 64         73        
 64         70        
 64         67        
 64         68        
 64         69        
 65         73        
 65         78        
 66         67        
 66         72        
 66         78        
 67         71        
 68         70        
 68         80        
 68         69        
 68         81        
 69         70        
 69         73        
 69         71        
 70         75        
 70         71        
 71         72        
 71         81        
 71         73        
 72         74        
 72         86        
 73         74        
 73         89        
 73         76        
 73         77        
 74         85        
 74         77        
 74         84        
 74         75        
 75         83        
 75         78        
 75         76        
 75         85        
 75         77        
 76         78        
 76         77        
 77         90        
 77         78        
 77         82        
 78         79        
 78         80        
 79         112       
 79         81        
 79         105       
 79         128       
 79         80        
 80         98        
 80         81        
 80         128       
 81         82        
 81         90        
 81         84        
 82         83        
 82         91        
 83         93        
 83         84        
 84         87        
 84         91        
 84         110       
 84         85        
 84         92        
 84         86        
 85         87        
 86         94        
 86         89        
 86         96        
 86         87        
 87         105       
 87         89        
 87         88        
 87         92        
 88         94        
 88         89        
 89         91        
 90         96        
 90         114       
 90         91        
 90         93        
 90         97        
 90         98        
 91         112       
 91         99        
 91         93        
 92         93        
 92         95        
 93         97        
 93         94        
 93         96        
 94         97        
 94         96        
 94         95        
 95         96        
 96         98        
 97         101       
 97         100       
 98         108       
 98         100       
 98         101       
 99         100       
 99         101       
 100        102       
 100        108       
 100        101       
 101        102       
 101        104       
 101        103       
 102        103       
 102        107       
 103        104       
 103        105       
 104        106       
 104        113       
 104        105       
 105        106       
 105        112       
 106        107       
 107        109       
 107        108       
 108        110       
 108        111       
 108        109       
 109        110       
 110        113       
 110        111       
 111        112       
 111        125       
 112        113       
 112        115       
 112        114       
 113        117       
 113        121       
 114        116       
 114        115       
 114        145       
 114        126       
 115        126       
 115        116       
 115        117       
 115        129       
 116        118       
 116        127       
 116        117       
 117        120       
 117        118       
 117        123       
 118        122       
 118        119       
 119        121       
 119        133       
 119        120       
 120        121       
 120        123       
 121        122       
 121        124       
 122        124       
 122        123       
 123        132       
 123        124       
 124        126       
 124        125       
 125        131       
 126        127       
 126        143       
 126        129       
 126        136       
 127        128       
 127        134       
 127        147       
 128        131       
 128        129       
 129        130       
 129        133       
 129        139       
 130        133       
 130        136       
 130        131       
 131        132       
 132        133       
 132        138       
 132        139       
 132        134       
 133        134       
 133        136       
 134        139       
 134        135       
 135        136       
 136        137       
 136        143       
 137        139       
 137        138       
 137        140       
 138        143       
 139        144       
 139        140       
 140        142       
 140        141       
 141        144       
 141        145       
 141        143       
 142        147       
 142        143       
 142        148       
 143        147       
 143        144       
 144        145       
 144        146       
 145        149       
 145        146       
 146        155       
 146        149       
 146        147       
 147        148       
 147        150       
 147        151       
 148        149       
 148        151       
 148        152       
 149        158       
 149        150       
 149        153       
 150        155       
 150        151       
 151        153       
 151        152       
 152        153       
 152        159       
 153        158       
 153        156       
 153        154       
 154        178       
 154        155       
 154        165       
 155        157       
 155        156       
 156        159       
 156        157       
 157        161       
 157        160       
 157        158       
 158        159       
 158        161       
 158        165       
 159        162       
 160        161       
 161        162       
 161        167       
 162        163       
 162        164       
 163        164       
 163        168       
 164        165       
 164        166       
 164        169       
 165        168       
 165        166       
 166        170       
 167        168       
 168        169       
 168        170       
 169        172       
 169        171       
 169        170       
 170        173       
 170        176       
 170        171       
 171        177       
 171        176       
 171        172       
 172        174       
 172        179       
 172        173       
 173        175       
 174        178       
 174        175       
 175        177       
 175        179       
 175        176       
 176        178       
 176        216       
 177        183       
 177        179       
 178        362       
 178        180       
 178        181       
 179        181       
 179        180       
 180        181       
 180        184       
 180        183       
 181        185       
 181        182       
 181        183       
 182        187       
 182        184       
 182        183       
 183        216       
 183        187       
 184        188       
 184        186       
 184        185       
 185        186       
 185        189       
 185        191       
 186        188       
 186        187       
 187        231       
 188        191       
 188        189       
 189        190       
 190        191       
 190        193       
 191        206       
 191        193       
 191        192       
 192        193       
 192        194       
 193        194       
 193        198       
 193        195       
 194        195       
 194        196       
 195        210       
 195        198       
 195        196       
 196        197       
 196        206       
 196        210       
 196        198       
 197        198       
 197        201       
 198        205       
 199        200       
 200        201       
 201        203       
 201        202       
 202        203       
 202        204       
 203        205       
 203        204       
 204        205       
 205        206       
 205        219       
 205        207       
 205        208       
 206        207       
 207        208       
 207        209       
 208        211       
 208        209       
 209        217       
 209        210       
 209        211       
 210        219       
 210        211       
 210        225       
 211        212       
 211        213       
 212        213       
 212        214       
 213        215       
 213        214       
 213        216       
 214        215       
 215        224       
 215        220       
 215        218       
 216        218       
 216        228       
 216        231       
 217        219       
 217        227       
 217        231       
 218        220       
 218        219       
 218        229       
 219        228       
 219        221       
 219        220       
 220        222       
 220        223       
 220        221       
 221        222       
 221        223       
 222        224       
 222        223       
 223        224       
 223        227       
 224        227       
 224        226       
 225        232       
 225        226       
 225        230       
 225        228       
 226        227       
 227        233       
 227        229       
 228        264       
 228        351       
 228        229       
 229        230       
 229        241       
 229        232       
 229        337       
 230        231       
 230        234       
 231        342       
 232        235       
 232        236       
 232        233       
 232        240       
 232        234       
 233        235       
 233        234       
 234        235       
 235        236       
 235        237       
 236        238       
 236        237       
 236        241       
 237        239       
 238        239       
 238        241       
 238        243       
 238        240       
 239        243       
 239        240       
 240        243       
 241        242       
 242        244       
 242        258       
 242        245       
 242        243       
 242        252       
 243        244       
 243        246       
 243        245       
 244        246       
 244        255       
 245        255       
 245        247       
 246        247       
 246        253       
 246        249       
 247        248       
 247        249       
 248        261       
 248        249       
 248        263       
 249        250       
 250        253       
 250        339       
 250        252       
 250        255       
 251        252       
 252        308       
 252        254       
 252        253       
 253        255       
 253        254       
 254        256       
 254        258       
 255        260       
 255        256       
 255        262       
 255        261       
 255        259       
 255        257       
 256        257       
 256        259       
 257        266       
 257        260       
 257        258       
 257        262       
 257        300       
 257        259       
 258        259       
 258        261       
 259        261       
 259        275       
 260        263       
 261        263       
 261        262       
 262        264       
 262        281       
 262        265       
 263        265       
 263        274       
 264        361       
 264        265       
 265        276       
 265        266       
 266        275       
 266        267       
 267        268       
 267        269       
 268        270       
 268        269       
 268        274       
 269        270       
 270        271       
 271        272       
 272        274       
 272        273       
 273        274       
 273        292       
 274        279       
 274        275       
 274        301       
 275        285       
 275        316       
 275        304       
 275        277       
 276        306       
 276        303       
 276        277       
 276        281       
 277        297       
 277        278       
 277        280       
 278        284       
 279        281       
 279        313       
 279        280       
 280        283       
 280        282       
 281        303       
 281        298       
 282        284       
 282        285       
 282        283       
 282        288       
 283        285       
 284        286       
 285        286       
 285        288       
 285        301       
 285        297       
 286        287       
 286        293       
 287        290       
 287        289       
 287        291       
 287        288       
 288        291       
 288        290       
 288        299       
 288        289       
 289        290       
 290        292       
 290        295       
 291        292       
 291        297       
 291        298       
 292        293       
 292        294       
 293        294       
 293        312       
 293        296       
 294        298       
 294        295       
 295        306       
 295        298       
 295        299       
 295        297       
 296        298       
 296        297       
 296        306       
 296        303       
 297        298       
 298        302       
 298        307       
 298        299       
 299        300       
 299        311       
 299        303       
 300        304       
 300        302       
 300        307       
 300        301       
 301        303       
 301        311       
 301        304       
 301        302       
 302        308       
 302        310       
 302        303       
 302        320       
 303        339       
 304        307       
 304        314       
 304        305       
 305        306       
 305        313       
 305        311       
 306        315       
 306        309       
 306        307       
 307        340       
 307        327       
 307        308       
 308        310       
 308        317       
 308        309       
 309        310       
 310        312       
 310        319       
 310        311       
 311        318       
 311        314       
 311        312       
 312        335       
 312        314       
 312        324       
 313        316       
 313        318       
 313        314       
 314        316       
 314        315       
 315        322       
 315        316       
 315        317       
 316        336       
 316        320       
 316        317       
 317        320       
 317        328       
 317        321       
 317        324       
 318        319       
 318        321       
 318        320       
 318        331       
 319        323       
 319        337       
 319        320       
 319        327       
 320        322       
 320        323       
 320        321       
 321        324       
 321        322       
 321        323       
 322        331       
 322        325       
 322        323       
 322        328       
 323        329       
 323        326       
 323        324       
 324        326       
 324        325       
 325        334       
 325        326       
 325        329       
 326        328       
 326        330       
 326        327       
 327        330       
 327        331       
 327        328       
 327        341       
 328        329       
 328        330       
 329        332       
 329        330       
 330        332       
 331        334       
 331        335       
 332        333       
 333        335       
 334        341       
 334        346       
 334        335       
 335        336       
 335        345       
 335        344       
 336        337       
 336        345       
 336        349       
 336        342       
 337        343       
 337        339       
 338        386       
 338        339       
 338        340       
 338        353       
 339        341       
 339        340       
 340        347       
 340        342       
 340        343       
 340        354       
 340        341       
 341        347       
 341        342       
 342        343       
 342        347       
 343        350       
 343        345       
 343        348       
 343        344       
 344        348       
 344        346       
 344        345       
 345        348       
 345        347       
 345        346       
 345        356       
 346        348       
 346        349       
 346        347       
 347        348       
 347        349       
 348        357       
 348        354       
 348        355       
 349        353       
 349        363       
 349        350       
 350        352       
 350        351       
 350        354       
 351        400       
 351        390       
 352        353       
 352        360       
 353        359       
 353        361       
 353        357       
 354        357       
 354        355       
 354        379       
 355        368       
 355        359       
 355        356       
 356        359       
 356        358       
 357        361       
 357        358       
 358        360       
 358        366       
 358        367       
 358        370       
 358        359       
 359        369       
 359        370       
 359        364       
 359        360       
 360        372       
 360        363       
 360        361       
 361        372       
 361        362       
 361        367       
 362        594       
 362        401       
 363        373       
 363        370       
 363        368       
 363        364       
 363        377       
 364        366       
 364        374       
 364        369       
 365        366       
 365        374       
 365        367       
 365        368       
 366        367       
 367        368       
 367        372       
 368        370       
 368        374       
 369        379       
 369        373       
 369        370       
 369        377       
 370        373       
 370        385       
 370        377       
 370        371       
 371        376       
 371        372       
 371        380       
 371        374       
 371        375       
 372        373       
 373        375       
 373        376       
 374        378       
 374        392       
 374        384       
 374        375       
 374        376       
 375        376       
 375        383       
 375        377       
 376        387       
 376        377       
 376        385       
 377        378       
 377        380       
 378        382       
 378        383       
 378        406       
 379        381       
 379        387       
 379        390       
 379        380       
 380        384       
 380        383       
 380        402       
 380        382       
 380        381       
 380        387       
 381        392       
 381        382       
 381        389       
 382        386       
 382        383       
 382        391       
 383        390       
 383        384       
 384        394       
 384        405       
 384        385       
 385        388       
 385        386       
 386        392       
 386        389       
 386        415       
 386        404       
 386        402       
 387        388       
 387        412       
 387        395       
 387        392       
 388        391       
 388        389       
 389        393       
 389        390       
 389        407       
 389        418       
 390        431       
 390        394       
 390        391       
 391        393       
 391        392       
 392        394       
 392        425       
 393        395       
 393        398       
 393        394       
 394        396       
 394        397       
 394        395       
 394        401       
 395        399       
 395        396       
 396        408       
 396        398       
 396        397       
 397        400       
 397        411       
 397        398       
 398        399       
 399        401       
 399        403       
 399        400       
 400        402       
 400        401       
 401        464       
 401        409       
 401        402       
 401        410       
 402        403       
 402        404       
 403        407       
 403        405       
 404        408       
 404        419       
 404        409       
 404        405       
 404        406       
 405        408       
 405        406       
 405        409       
 406        413       
 406        407       
 407        408       
 408        418       
 408        410       
 408        409       
 408        415       
 409        419       
 409        412       
 409        428       
 409        410       
 410        411       
 411        412       
 411        415       
 411        413       
 411        422       
 412        418       
 412        414       
 412        421       
 412        413       
 413        420       
 413        415       
 413        425       
 413        414       
 413        427       
 414        422       
 414        415       
 414        416       
 414        425       
 415        420       
 415        426       
 415        417       
 415        416       
 416        419       
 416        417       
 417        419       
 417        424       
 417        418       
 418        429       
 418        420       
 418        430       
 418        419       
 419        421       
 419        420       
 420        426       
 420        436       
 420        423       
 421        423       
 421        427       
 421        422       
 422        428       
 422        424       
 423        433       
 423        442       
 423        441       
 423        427       
 423        424       
 424        432       
 424        428       
 424        425       
 424        426       
 425        434       
 425        426       
 425        435       
 425        427       
 425        429       
 426        429       
 426        431       
 426        437       
 426        427       
 427        441       
 427        428       
 428        446       
 428        429       
 428        437       
 429        444       
 429        437       
 429        430       
 430        431       
 430        458       
 431        437       
 431        433       
 431        432       
 432        433       
 432        450       
 432        439       
 433        441       
 433        436       
 434        453       
 434        450       
 434        435       
 435        438       
 435        439       
 435        445       
 435        436       
 436        437       
 436        442       
 437        460       
 437        438       
 437        453       
 437        450       
 438        447       
 438        440       
 439        445       
 439        440       
 439        446       
 439        441       
 440        449       
 440        441       
 441        442       
 441        449       
 442        458       
 442        443       
 442        444       
 443        446       
 443        444       
 443        451       
 443        447       
 444        445       
 444        451       
 445        451       
 445        454       
 445        450       
 445        448       
 445        446       
 446        453       
 446        447       
 447        451       
 447        448       
 448        452       
 448        449       
 448        451       
 449        450       
 450        458       
 450        452       
 450        451       
 451        461       
 451        454       
 451        469       
 451        453       
 452        456       
 452        453       
 452        474       
 452        454       
 453        454       
 453        455       
 453        459       
 454        455       
 454        460       
 454        477       
 455        463       
 455        462       
 455        456       
 456        457       
 457        464       
 457        467       
 457        466       
 457        459       
 458        471       
 458        460       
 458        461       
 458        518       
 458        459       
 459        463       
 459        477       
 459        470       
 459        460       
 459        559       
 459        464       
 460        464       
 460        463       
 460        461       
 461        468       
 461        465       
 461        467       
 461        462       
 462        472       
 462        463       
 462        479       
 463        473       
 463        467       
 463        464       
 463        471       
 464        466       
 464        492       
 464        465       
 465        470       
 465        466       
 466        469       
 467        474       
 467        476       
 467        468       
 468        469       
 468        475       
 468        472       
 469        471       
 469        475       
 469        470       
 470        482       
 470        471       
 470        476       
 471        473       
 471        491       
 471        472       
 471        478       
 472        484       
 472        473       
 472        475       
 473        487       
 473        475       
 473        474       
 473        483       
 474        477       
 475        489       
 475        478       
 475        476       
 476        483       
 476        478       
 476        477       
 477        509       
 477        478       
 478        480       
 478        481       
 478        479       
 479        480       
 480        487       
 480        481       
 481        482       
 481        485       
 482        493       
 482        486       
 482        483       
 483        490       
 483        484       
 484        495       
 484        485       
 485        486       
 486        494       
 486        487       
 486        508       
 487        499       
 487        488       
 488        502       
 488        490       
 488        489       
 489        493       
 489        512       
 490        503       
 490        491       
 490        507       
 491        492       
 491        493       
 491        497       
 492        499       
 492        504       
 492        497       
 492        493       
 493        496       
 493        494       
 494        502       
 494        499       
 494        495       
 494        501       
 495        500       
 496        505       
 496        510       
 497        498       
 497        499       
 497        503       
 498        499       
 498        500       
 499        503       
 499        500       
 500        527       
 500        505       
 500        508       
 500        501       
 500        502       
 501        510       
 501        502       
 501        506       
 502        505       
 502        508       
 502        507       
 502        503       
 503        512       
 503        504       
 503        506       
 503        505       
 504        505       
 504        507       
 505        506       
 505        529       
 506        509       
 506        526       
 506        508       
 506        514       
 506        507       
 507        523       
 507        524       
 507        508       
 508        509       
 508        511       
 509        511       
 509        515       
 509        510       
 510        513       
 510        514       
 510        511       
 511        512       
 511        517       
 512        513       
 512        519       
 512        516       
 513        522       
 513        515       
 513        514       
 514        517       
 514        527       
 514        515       
 514        530       
 515        517       
 515        519       
 515        516       
 515        534       
 516        530       
 516        517       
 516        518       
 516        520       
 517        520       
 517        519       
 517        559       
 517        518       
 518        520       
 518        522       
 518        519       
 519        542       
 520        524       
 520        521       
 520        580       
 521        529       
 521        524       
 521        523       
 521        522       
 522        523       
 522        532       
 522        541       
 523        525       
 523        530       
 523        526       
 523        524       
 524        525       
 524        533       
 524        528       
 525        556       
 525        532       
 525        533       
 525        526       
 526        545       
 526        538       
 526        528       
 526        527       
 526        529       
 527        528       
 527        529       
 527        553       
 527        535       
 528        529       
 528        532       
 528        535       
 529        531       
 529        530       
 530        537       
 530        539       
 530        531       
 531        546       
 531        537       
 531        536       
 531        532       
 532        533       
 532        535       
 533        536       
 533        540       
 534        545       
 534        535       
 534        566       
 535        538       
 535        541       
 536        539       
 536        544       
 536        543       
 536        537       
 537        539       
 537        538       
 537        540       
 537        544       
 538        542       
 538        550       
 539        540       
 539        543       
 540        543       
 540        546       
 540        545       
 540        542       
 540        541       
 541        545       
 541        543       
 541        547       
 541        542       
 542        545       
 542        556       
 543        550       
 543        547       
 544        551       
 544        546       
 544        563       
 544        545       
 545        555       
 545        546       
 546        547       
 546        554       
 547        549       
 547        548       
 548        554       
 548        549       
 549        550       
 549        552       
 550        551       
 550        554       
 550        552       
 551        554       
 551        553       
 552        561       
 552        553       
 552        558       
 552        555       
 553        560       
 553        554       
 553        555       
 554        557       
 554        560       
 555        556       
 555        567       
 555        572       
 556        558       
 556        557       
 557        570       
 557        568       
 557        558       
 558        561       
 558        559       
 559        560       
 559        592       
 560        561       
 560        562       
 560        563       
 561        568       
 561        563       
 561        562       
 562        564       
 562        563       
 563        565       
 563        574       
 563        564       
 563        566       
 564        573       
 564        567       
 564        565       
 565        582       
 565        566       
 565        576       
 566        577       
 566        567       
 567        568       
 567        570       
 567        571       
 568        569       
 569        570       
 569        574       
 569        572       
 569        571       
 570        572       
 570        573       
 571        574       
 571        572       
 571        576       
 572        573       
 572        575       
 573        574       
 573        576       
 573        575       
 573        580       
 574        577       
 574        579       
 574        575       
 574        578       
 575        578       
 575        583       
 575        576       
 576        579       
 576        577       
 577        586       
 577        578       
 577        585       
 578        579       
 579        585       
 579        580       
 580        581       
 580        582       
 581        583       
 581        584       
 582        596       
 582        583       
 582        593       
 583        588       
 583        584       
 584        590       
 584        585       
 584        593       
 585        598       
 585        588       
 585        587       
 586        587       
 586        589       
 587        589       
 587        588       
 588        589       
 588        590       
 588        594       
 589        592       
 589        598       
 590        592       
 590        591       
 591        599       
 591        593       
 591        609       
 591        595       
 591        592       
 592        602       
 592        593       
 592        606       
 592        594       
 593        594       
 593        603       
 594        599       
 594        596       
 594        595       
 595        605       
 595        596       
 596        597       
 597        607       
 597        602       
 597        598       
 597        600       
 598        600       
 598        599       
 599        600       
 600        601       
 600        609       
 600        603       
 600        616       
 602        608       
 602        604       
 603        608       
 603        604       
 603        605       
 604        606       
 604        605       
 604        618       
 605        606       
 605        620       
 605        617       
 605        609       
 606        607       
 606        613       
 607        613       
 607        610       
 607        608       
 607        611       
 608        610       
 609        614       
 609        615       
 609        616       
 610        619       
 610        611       
 610        613       
 610        612       
 611        612       
 612        621       
 612        615       
 612        613       
 613        614       
 613        634       
 614        622       
 614        618       
 614        615       
 615        617       
 615        616       
 615        618       
 615        619       
 616        617       
 616        632       
 617        641       
 617        622       
 617        618       
 617        620       
 618        623       
 619        627       
 619        621       
 619        620       
 620        631       
 620        621       
 621        624       
 622        623       
 622        628       
 622        649       
 622        625       
 623        630       
 623        625       
 624        626       
 625        649       
 625        629       
 625        628       
 625        626       
 626        627       
 626        635       
 627        651       
 627        628       
 628        632       
 628        629       
 629        630       
 630        633       
 630        640       
 630        638       
 631        633       
 631        632       
 631        634       
 632        636       
 632        642       
 632        643       
 633        634       
 634        635       
 635        638       
 635        636       
 635        637       
 636        637       
 637        638       
 637        639       
 638        652       
 638        641       
 638        639       
 638        640       
 639        643       
 639        640       
 639        642       
 640        641       
 641        643       
 641        642       
 641        649       
 643        645       
 643        644       
 644        647       
 644        645       
 645        646       
 645        648       
 646        648       
 646        647       
 647        648       
 647        650       
 648        650       
 648        655       
 649        654       
 649        655       
 649        650       
 650        652       
 650        651       
 651        657       
 651        652       
 651        654       
 652        653       
 653        657       
 653        654       
 653        655       
 654        655       
 655        656       
 656        657       
 657        658       
 658        659       
