 # i        j         
 0          1         
 0          2         
 1          2631      
 1          15        
 2          3         
 2          2639      
 2          2628      
 3          13        
 4          2566      
 4          148       
 4          6         
 5          2565      
 5          6         
 6          11        
 7          52        
 7          10        
 7          9         
 7          8         
 8          2623      
 9          2622      
 10         50        
 11         106       
 12         21        
 12         16        
 13         22        
 14         15        
 14         20        
 15         18        
 16         2624      
 17         37        
 17         2615      
 18         21        
 18         19        
 19         21        
 20         24        
 20         22        
 21         26        
 22         23        
 23         25        
 24         25        
 25         30        
 26         27        
 27         47        
 27         48        
 28         35        
 28         34        
 28         33        
 29         45        
 29         30        
 31         38        
 31         33        
 31         32        
 32         40        
 33         2629      
 34         41        
 35         43        
 36         59        
 36         40        
 36         54        
 37         39        
 38         44        
 39         123       
 39         50        
 40         59        
 41         48        
 41         42        
 42         43        
 43         62        
 44         57        
 45         46        
 46         75        
 47         96        
 47         48        
 49         105       
 49         55        
 49         52        
 50         51        
 51         52        
 53         54        
 53         2618      
 54         55        
 56         57        
 56         74        
 57         58        
 58         61        
 59         60        
 60         73        
 61         64        
 61         62        
 62         63        
 63         69        
 63         64        
 64         65        
 65         70        
 66         108       
 66         67        
 67         68        
 67         2570      
 68         107       
 69         70        
 70         93        
 71         119       
 71         72        
 72         2606      
 72         2562      
 73         76        
 73         74        
 74         76        
 75         103       
 75         77        
 76         116       
 77         86        
 77         78        
 78         79        
 79         83        
 79         80        
 80         81        
 80         85        
 81         82        
 83         84        
 84         86        
 85         87        
 86         103       
 87         88        
 87         90        
 89         90        
 90         91        
 92         112       
 92         94        
 92         93        
 93         95        
 94         101       
 95         96        
 95         101       
 96         99        
 96         100       
 97         195       
 97         2526      
 97         98        
 98         2533      
 99         102       
 99         100       
 100        101       
 102        111       
 102        104       
 103        104       
 105        130       
 105        133       
 106        109       
 107        109       
 107        108       
 108        144       
 108        110       
 109        135       
 110        2573      
 111        117       
 112        113       
 112        114       
 113        137       
 113        114       
 114        115       
 114        116       
 115        129       
 117        118       
 117        137       
 119        120       
 119        158       
 120        121       
 120        2619      
 121        122       
 122        127       
 123        124       
 123        125       
 124        132       
 125        128       
 126        143       
 126        128       
 126        127       
 127        128       
 129        130       
 130        131       
 131        153       
 132        133       
 132        141       
 133        140       
 134        151       
 134        138       
 135        139       
 135        136       
 135        144       
 137        138       
 139        190       
 139        145       
 140        142       
 140        141       
 141        143       
 142        161       
 143        156       
 144        145       
 145        149       
 146        150       
 146        148       
 146        147       
 147        194       
 149        188       
 150        163       
 151        164       
 151        152       
 152        186       
 152        153       
 154        2522      
 154        2459      
 154        619       
 154        155       
 155        159       
 156        157       
 156        175       
 157        160       
 158        179       
 158        162       
 159        616       
 159        2371      
 160        173       
 160        161       
 161        177       
 162        183       
 162        163       
 163        182       
 164        166       
 164        165       
 164        180       
 165        169       
 166        167       
 167        168       
 168        170       
 168        169       
 169        172       
 170        171       
 170        172       
 172        181       
 173        184       
 173        203       
 174        212       
 174        175       
 174        179       
 176        184       
 176        177       
 178        179       
 178        206       
 178        183       
 180        187       
 180        181       
 182        183       
 182        191       
 184        186       
 185        213       
 185        187       
 186        187       
 188        189       
 188        2573      
 189        243       
 190        263       
 190        192       
 191        193       
 192        194       
 193        196       
 193        194       
 195        197       
 196        228       
 197        461       
 198        220       
 198        212       
 199        203       
 199        200       
 200        201       
 201        205       
 201        217       
 202        203       
 202        204       
 204        216       
 205        213       
 206        210       
 206        207       
 207        208       
 208        211       
 208        229       
 209        210       
 209        211       
 210        212       
 211        218       
 213        214       
 214        237       
 214        215       
 216        217       
 216        224       
 217        248       
 218        219       
 218        249       
 219        231       
 220        222       
 221        223       
 221        222       
 222        231       
 223        227       
 223        226       
 224        225       
 224        234       
 225        227       
 226        231       
 227        232       
 228        229       
 228        250       
 229        246       
 230        233       
 230        231       
 232        234       
 232        235       
 232        233       
 233        236       
 235        236       
 236        238       
 237        239       
 238        244       
 239        251       
 239        240       
 241        243       
 241        273       
 242        320       
 242        243       
 244        248       
 244        253       
 245        249       
 245        256       
 245        246       
 246        255       
 246        250       
 247        265       
 247        248       
 249        277       
 250        254       
 251        252       
 251        258       
 253        259       
 254        285       
 255        266       
 256        257       
 257        293       
 258        282       
 258        269       
 259        272       
 259        278       
 260        295       
 260        262       
 261        315       
 261        262       
 261        263       
 264        270       
 264        289       
 264        265       
 266        267       
 266        314       
 267        268       
 269        271       
 270        271       
 271        286       
 272        281       
 273        274       
 274        322       
 275        276       
 275        326       
 276        278       
 276        277       
 278        281       
 278        292       
 279        285       
 279        280       
 279        295       
 281        302       
 282        283       
 282        301       
 283        284       
 285        291       
 286        290       
 287        325       
 287        292       
 288        290       
 288        298       
 289        290       
 290        299       
 291        347       
 293        297       
 294        295       
 294        359       
 294        304       
 295        310       
 296        340       
 296        297       
 298        308       
 298        336       
 299        300       
 300        333       
 300        312       
 301        305       
 301        341       
 302        303       
 303        311       
 304        315       
 305        306       
 306        307       
 307        309       
 308        309       
 310        361       
 311        313       
 311        329       
 312        313       
 314        317       
 315        316       
 315        320       
 316        449       
 317        327       
 317        423       
 318        319       
 318        515       
 319        320       
 319        323       
 321        392       
 321        326       
 322        323       
 322        512       
 324        325       
 324        326       
 325        328       
 325        362       
 326        338       
 327        330       
 328        329       
 329        332       
 329        366       
 330        334       
 330        331       
 332        333       
 333        335       
 333        373       
 334        338       
 335        336       
 336        350       
 336        367       
 337        338       
 337        442       
 338        340       
 339        342       
 339        371       
 339        341       
 339        345       
 342        343       
 342        351       
 344        345       
 344        376       
 344        358       
 346        347       
 346        386       
 347        348       
 348        423       
 349        358       
 349        350       
 350        352       
 351        353       
 351        371       
 352        377       
 353        356       
 353        354       
 355        356       
 356        357       
 359        364       
 360        386       
 360        459       
 360        361       
 361        364       
 362        374       
 362        388       
 362        393       
 363        373       
 363        365       
 364        449       
 365        397       
 365        366       
 366        374       
 367        373       
 368        371       
 368        375       
 369        371       
 369        370       
 369        381       
 372        389       
 372        373       
 375        376       
 375        385       
 375        378       
 377        378       
 377        390       
 378        384       
 379        381       
 379        380       
 379        382       
 382        384       
 382        383       
 384        385       
 384        395       
 386        387       
 388        391       
 389        390       
 389        406       
 389        405       
 391        400       
 392        394       
 392        435       
 393        403       
 393        394       
 395        406       
 396        397       
 396        401       
 396        398       
 398        399       
 398        404       
 399        400       
 401        408       
 402        403       
 402        432       
 403        404       
 404        409       
 405        416       
 405        408       
 406        407       
 407        412       
 408        414       
 408        410       
 409        410       
 410        411       
 411        414       
 411        430       
 412        417       
 412        413       
 412        415       
 414        416       
 415        421       
 416        418       
 417        418       
 418        425       
 419        453       
 419        423       
 420        424       
 420        451       
 421        426       
 421        422       
 423        424       
 425        426       
 426        427       
 427        428       
 427        431       
 429        430       
 429        436       
 430        433       
 431        433       
 432        435       
 432        440       
 432        447       
 433        434       
 433        436       
 435        442       
 436        437       
 437        438       
 438        439       
 438        440       
 440        443       
 441        442       
 441        455       
 442        447       
 443        444       
 444        447       
 444        450       
 445        449       
 445        446       
 445        500       
 447        448       
 448        454       
 449        460       
 450        456       
 451        452       
 451        462       
 452        470       
 453        455       
 454        455       
 454        468       
 454        485       
 455        470       
 456        464       
 457        461       
 457        583       
 458        459       
 458        460       
 458        507       
 459        463       
 460        507       
 461        465       
 462        463       
 462        469       
 463        519       
 464        467       
 464        473       
 465        466       
 466        511       
 467        468       
 468        482       
 469        472       
 470        471       
 471        492       
 472        489       
 473        474       
 473        476       
 474        475       
 474        476       
 476        477       
 476        487       
 478        484       
 478        535       
 479        482       
 479        483       
 479        480       
 480        481       
 481        484       
 483        495       
 484        485       
 484        486       
 486        491       
 487        488       
 487        497       
 489        490       
 489        496       
 490        494       
 491        492       
 492        531       
 492        493       
 493        494       
 495        498       
 496        504       
 497        501       
 498        501       
 499        500       
 499        505       
 501        502       
 501        527       
 502        503       
 504        506       
 505        508       
 505        573       
 506        516       
 507        547       
 507        510       
 508        515       
 509        510       
 509        536       
 511        514       
 511        512       
 511        591       
 513        526       
 513        514       
 515        517       
 516        520       
 516        532       
 517        556       
 518        520       
 518        522       
 519        520       
 521        522       
 521        533       
 521        546       
 523        527       
 523        524       
 524        525       
 524        528       
 526        529       
 528        535       
 528        555       
 529        556       
 530        532       
 530        538       
 531        535       
 533        539       
 534        535       
 534        545       
 536        537       
 537        558       
 538        539       
 539        541       
 539        540       
 540        543       
 541        542       
 542        545       
 543        544       
 544        550       
 545        572       
 546        547       
 546        549       
 546        548       
 548        559       
 549        552       
 550        552       
 551        552       
 551        560       
 553        555       
 553        554       
 553        572       
 556        557       
 557        579       
 558        561       
 559        560       
 560        562       
 560        568       
 561        564       
 561        565       
 562        563       
 563        564       
 565        576       
 566        567       
 566        580       
 567        573       
 568        569       
 569        588       
 570        572       
 570        571       
 570        594       
 573        574       
 574        590       
 575        576       
 575        578       
 577        578       
 577        582       
 578        586       
 579        580       
 580        581       
 580        599       
 581        582       
 583        584       
 584        585       
 584        622       
 585        596       
 586        587       
 587        589       
 588        592       
 588        589       
 589        601       
 590        607       
 591        595       
 592        593       
 593        594       
 593        597       
 593        604       
 594        597       
 595        610       
 595        596       
 596        634       
 597        598       
 597        600       
 599        613       
 600        620       
 601        602       
 601        623       
 602        607       
 602        623       
 602        603       
 603        606       
 604        605       
 605        614       
 606        608       
 608        613       
 608        611       
 608        609       
 609        610       
 609        611       
 609        612       
 611        639       
 612        634       
 614        625       
 615        619       
 615        618       
 616        617       
 617        618       
 618        712       
 619        622       
 619        662       
 620        621       
 620        630       
 623        626       
 623        624       
 624        636       
 625        626       
 626        629       
 626        627       
 627        631       
 628        630       
 628        629       
 628        645       
 630        640       
 631        632       
 632        636       
 632        647       
 633        639       
 633        661       
 634        635       
 635        663       
 636        637       
 636        650       
 637        638       
 638        639       
 640        641       
 640        646       
 641        642       
 642        643       
 644        645       
 644        646       
 644        649       
 644        668       
 647        651       
 647        648       
 648        649       
 650        652       
 651        652       
 651        657       
 652        654       
 652        653       
 653        659       
 654        656       
 655        656       
 655        674       
 656        657       
 658        661       
 658        664       
 658        677       
 659        660       
 660        661       
 661        673       
 662        665       
 663        664       
 663        665       
 663        666       
 665        666       
 666        667       
 667        683       
 668        670       
 668        669       
 668        675       
 669        674       
 670        671       
 670        675       
 671        672       
 673        674       
 673        676       
 674        680       
 675        682       
 676        688       
 677        678       
 678        686       
 678        689       
 679        682       
 679        680       
 680        693       
 681        682       
 681        695       
 683        705       
 683        685       
 684        685       
 684        708       
 685        705       
 685        686       
 686        689       
 687        688       
 687        689       
 688        699       
 689        690       
 690        718       
 691        693       
 691        696       
 692        693       
 692        694       
 694        695       
 694        700       
 695        701       
 696        699       
 696        697       
 696        714       
 697        700       
 698        699       
 698        715       
 700        709       
 701        702       
 701        716       
 703        704       
 703        708       
 704        705       
 705        706       
 706        707       
 707        712       
 707        866       
 708        710       
 708        735       
 709        716       
 709        732       
 710        711       
 711        718       
 712        1451      
 713        714       
 713        715       
 713        721       
 715        727       
 716        719       
 717        718       
 717        726       
 719        720       
 719        722       
 721        725       
 721        737       
 722        732       
 722        723       
 722        724       
 724        741       
 725        729       
 726        728       
 726        733       
 726        730       
 727        728       
 728        730       
 729        731       
 730        749       
 730        739       
 731        732       
 731        738       
 733        735       
 734        866       
 734        735       
 735        751       
 736        737       
 736        752       
 738        745       
 739        740       
 740        746       
 741        745       
 741        742       
 741        759       
 743        744       
 743        765       
 744        752       
 744        745       
 745        755       
 746        747       
 747        748       
 747        754       
 748        749       
 748        750       
 750        751       
 750        924       
 752        753       
 753        754       
 753        764       
 755        756       
 756        763       
 757        758       
 757        762       
 758        759       
 759        760       
 760        761       
 760        767       
 762        763       
 763        775       
 764        765       
 764        824       
 765        766       
 766        772       
 767        771       
 768        769       
 769        771       
 769        770       
 771        773       
 771        777       
 772        774       
 773        776       
 774        794       
 774        775       
 774        780       
 775        779       
 775        780       
 776        779       
 777        778       
 777        782       
 779        784       
 780        783       
 780        840       
 781        793       
 781        782       
 782        785       
 783        784       
 784        790       
 785        788       
 786        787       
 786        826       
 787        790       
 787        841       
 787        793       
 788        789       
 789        792       
 789        805       
 790        793       
 791        793       
 791        792       
 794        795       
 795        821       
 796        798       
 796        797       
 798        803       
 798        799       
 799        802       
 800        802       
 800        801       
 802        806       
 803        804       
 803        805       
 805        813       
 806        807       
 807        810       
 808        810       
 808        809       
 810        812       
 811        819       
 811        812       
 813        822       
 813        814       
 814        815       
 815        819       
 816        818       
 816        817       
 818        819       
 819        820       
 820        827       
 821        825       
 821        879       
 822        828       
 823        835       
 823        825       
 824        825       
 826        828       
 827        829       
 828        834       
 829        830       
 830        831       
 830        838       
 831        832       
 832        833       
 833        834       
 834        845       
 835        836       
 836        871       
 837        838       
 837        843       
 839        841       
 839        846       
 840        841       
 841        877       
 842        846       
 842        902       
 843        844       
 844        847       
 844        849       
 844        850       
 845        846       
 845        853       
 847        848       
 848        851       
 849        852       
 850        856       
 851        853       
 852        855       
 853        860       
 854        855       
 854        856       
 855        865       
 855        863       
 856        862       
 857        858       
 858        861       
 858        859       
 860        897       
 861        862       
 862        880       
 863        872       
 864        873       
 864        865       
 866        913       
 866        867       
 867        925       
 868        869       
 868        870       
 868        879       
 869        871       
 869        870       
 870        911       
 871        927       
 872        881       
 873        874       
 874        882       
 875        876       
 875        918       
 876        879       
 876        877       
 876        912       
 878        887       
 878        880       
 881        890       
 882        892       
 883        885       
 883        884       
 885        887       
 885        886       
 887        888       
 887        893       
 888        890       
 889        890       
 889        896       
 890        891       
 891        892       
 892        899       
 893        895       
 893        894       
 895        909       
 896        909       
 897        904       
 897        898       
 898        907       
 898        899       
 900        902       
 900        930       
 901        906       
 901        921       
 902        912       
 902        904       
 903        904       
 903        928       
 905        906       
 905        909       
 906        907       
 908        935       
 908        910       
 909        910       
 911        917       
 913        914       
 914        1059      
 914        1407      
 915        916       
 915        917       
 916        920       
 917        918       
 918        964       
 918        929       
 919        920       
 919        1350      
 920        925       
 920        926       
 921        922       
 922        938       
 922        923       
 924        925       
 924        926       
 925        1369      
 926        927       
 928        941       
 928        944       
 928        932       
 929        931       
 930        931       
 930        961       
 930        937       
 932        933       
 933        934       
 934        942       
 934        936       
 934        939       
 935        936       
 937        941       
 938        939       
 938        940       
 940        947       
 941        944       
 942        943       
 943        949       
 944        952       
 945        947       
 945        946       
 947        948       
 947        965       
 948        949       
 949        951       
 949        956       
 950        957       
 950        951       
 952        954       
 952        953       
 953        958       
 954        967       
 954        955       
 955        972       
 955        961       
 956        959       
 957        958       
 958        975       
 959        960       
 960        963       
 962        963       
 962        974       
 964        971       
 965        966       
 966        968       
 967        969       
 968        970       
 968        976       
 969        1033      
 969        980       
 970        973       
 971        1009      
 971        978       
 972        979       
 973        984       
 973        974       
 973        982       
 975        980       
 976        986       
 976        977       
 978        979       
 979        1022      
 980        981       
 981        1021      
 981        991       
 982        983       
 983        989       
 984        990       
 985        987       
 985        986       
 985        1013      
 987        998       
 988        993       
 988        989       
 989        996       
 990        991       
 990        995       
 992        1045      
 992        995       
 993        997       
 994        995       
 994        999       
 995        1055      
 995        996       
 997        998       
 998        999       
 998        1003      
 1000       1015      
 1000       1001      
 1002       1358      
 1002       1008      
 1003       1023      
 1004       1010      
 1004       1005      
 1006       1010      
 1006       1007      
 1008       1009      
 1008       1233      
 1010       1017      
 1010       1011      
 1011       1012      
 1012       1014      
 1013       1015      
 1014       1020      
 1014       1015      
 1015       1018      
 1016       1019      
 1016       1017      
 1018       1027      
 1019       1032      
 1020       1040      
 1020       1024      
 1021       1050      
 1021       1045      
 1022       1036      
 1023       1028      
 1024       1026      
 1024       1025      
 1025       1029      
 1026       1037      
 1027       1028      
 1028       1065      
 1028       1043      
 1029       1030      
 1030       1034      
 1030       1048      
 1030       1032      
 1031       1202      
 1031       1036      
 1033       1039      
 1033       1047      
 1034       1035      
 1035       1037      
 1036       1038      
 1037       1046      
 1038       1103      
 1038       1039      
 1040       1041      
 1041       1042      
 1041       1053      
 1042       1043      
 1044       1045      
 1044       1054      
 1046       1051      
 1047       1050      
 1048       1049      
 1049       1057      
 1050       1124      
 1051       1062      
 1052       1062      
 1052       1053      
 1054       1098      
 1054       1055      
 1056       1446      
 1056       1059      
 1057       1058      
 1057       1061      
 1058       1060      
 1060       1062      
 1061       1063      
 1062       1106      
 1063       1064      
 1064       1067      
 1065       1066      
 1066       1102      
 1067       1068      
 1068       1070      
 1068       1069      
 1069       1071      
 1070       1073      
 1071       1076      
 1071       1077      
 1072       1075      
 1072       1074      
 1073       1074      
 1074       1081      
 1074       1076      
 1075       1099      
 1077       1079      
 1077       1078      
 1078       1079      
 1078       1080      
 1079       1082      
 1079       1080      
 1080       1084      
 1081       1083      
 1082       1085      
 1083       1085      
 1084       1091      
 1084       1086      
 1085       1088      
 1085       1089      
 1086       1090      
 1086       1087      
 1088       1097      
 1089       1093      
 1090       1092      
 1091       1092      
 1092       1093      
 1092       1094      
 1094       1096      
 1095       1171      
 1095       1096      
 1097       1099      
 1098       1118      
 1098       1102      
 1099       1206      
 1100       1142      
 1100       1103      
 1101       1266      
 1101       1102      
 1102       1218      
 1103       1108      
 1104       1224      
 1104       1105      
 1105       1106      
 1107       1214      
 1107       1108      
 1107       1126      
 1108       1190      
 1108       1109      
 1110       1113      
 1110       1111      
 1111       1122      
 1111       1112      
 1113       1115      
 1113       1114      
 1115       1136      
 1116       1125      
 1116       1127      
 1116       1124      
 1116       1117      
 1117       1118      
 1118       1253      
 1119       1122      
 1119       1123      
 1119       1120      
 1120       1132      
 1120       1121      
 1122       1123      
 1123       1130      
 1124       1127      
 1125       1215      
 1125       1126      
 1125       1195      
 1126       1127      
 1128       1139      
 1128       1136      
 1129       1141      
 1129       1131      
 1129       1133      
 1130       1153      
 1130       1131      
 1132       1133      
 1133       1134      
 1134       1140      
 1134       1135      
 1137       1139      
 1137       1138      
 1139       1146      
 1140       1143      
 1140       1144      
 1141       1152      
 1141       1143      
 1142       1204      
 1142       1188      
 1143       1155      
 1144       1148      
 1144       1145      
 1146       1147      
 1147       1173      
 1148       1162      
 1148       1157      
 1149       1166      
 1149       1153      
 1150       1151      
 1150       1152      
 1151       1161      
 1152       1164      
 1154       1161      
 1154       1196      
 1154       1155      
 1155       1156      
 1156       1162      
 1157       1159      
 1157       1158      
 1159       1160      
 1160       1171      
 1162       1163      
 1163       1182      
 1164       1167      
 1165       1169      
 1165       1166      
 1166       1189      
 1166       1168      
 1167       1193      
 1168       1170      
 1169       1175      
 1170       1173      
 1171       1172      
 1171       1178      
 1172       1174      
 1173       1179      
 1174       1248      
 1175       1184      
 1175       1176      
 1176       1177      
 1177       1193      
 1178       1181      
 1179       1180      
 1180       1225      
 1181       1192      
 1182       1199      
 1182       1183      
 1183       1191      
 1184       1185      
 1185       1186      
 1185       1194      
 1185       1189      
 1186       1225      
 1187       1212      
 1187       1188      
 1188       1190      
 1191       1192      
 1192       1208      
 1193       1194      
 1193       1229      
 1195       1198      
 1196       1197      
 1197       1201      
 1198       1246      
 1198       1215      
 1199       1200      
 1200       1201      
 1200       1217      
 1201       1209      
 1202       1228      
 1202       1231      
 1202       1203      
 1203       1204      
 1204       1212      
 1205       1244      
 1205       1206      
 1207       1219      
 1207       1208      
 1209       1235      
 1209       1241      
 1210       1214      
 1210       1213      
 1211       1282      
 1211       1212      
 1212       1213      
 1214       1359      
 1214       1215      
 1216       1230      
 1216       1258      
 1216       1219      
 1216       1217      
 1218       1220      
 1220       1224      
 1221       1255      
 1221       1222      
 1222       1224      
 1223       1245      
 1223       1224      
 1225       1261      
 1225       1226      
 1227       1238      
 1227       1229      
 1228       1362      
 1228       1310      
 1228       1231      
 1230       1232      
 1231       1233      
 1232       1242      
 1234       1269      
 1234       1237      
 1235       1237      
 1236       1237      
 1236       1239      
 1237       1238      
 1239       1242      
 1240       1251      
 1240       1242      
 1241       1242      
 1243       1277      
 1243       1246      
 1244       1245      
 1244       1247      
 1245       1275      
 1246       1256      
 1247       1250      
 1248       1250      
 1249       1340      
 1249       1250      
 1250       1259      
 1251       1296      
 1252       1253      
 1252       1266      
 1253       1272      
 1253       1256      
 1254       1273      
 1254       1255      
 1255       1257      
 1257       1267      
 1258       1260      
 1259       1260      
 1260       1262      
 1261       1291      
 1261       1264      
 1262       1270      
 1263       1269      
 1263       1264      
 1265       1347      
 1265       1266      
 1266       1280      
 1267       1268      
 1268       1283      
 1269       1313      
 1269       1287      
 1270       1296      
 1270       1271      
 1272       1277      
 1273       1285      
 1273       1274      
 1274       1275      
 1275       1281      
 1275       1325      
 1276       1292      
 1276       1278      
 1277       1351      
 1278       1280      
 1279       1309      
 1279       1282      
 1281       1289      
 1283       1295      
 1283       1284      
 1284       1285      
 1285       1298      
 1285       1289      
 1286       1293      
 1286       1287      
 1288       1289      
 1288       1325      
 1290       1300      
 1290       1292      
 1291       1315      
 1293       1318      
 1293       1294      
 1294       1305      
 1294       1299      
 1294       1296      
 1295       1297      
 1296       1305      
 1297       1301      
 1298       1301      
 1299       1303      
 1299       1304      
 1300       1301      
 1301       1337      
 1302       1303      
 1302       1304      
 1303       1318      
 1304       1307      
 1305       1307      
 1305       1306      
 1306       1312      
 1307       1321      
 1307       1308      
 1308       1322      
 1308       1327      
 1308       1312      
 1309       1311      
 1310       1311      
 1311       1367      
 1313       1314      
 1314       1316      
 1314       1320      
 1315       1316      
 1316       1330      
 1317       1319      
 1317       1318      
 1318       1321      
 1319       1329      
 1319       1328      
 1319       1320      
 1321       1322      
 1322       1323      
 1323       1328      
 1324       1339      
 1324       1325      
 1326       1342      
 1326       1327      
 1328       1332      
 1329       1334      
 1330       1335      
 1330       1331      
 1330       1334      
 1332       1343      
 1333       1334      
 1333       1343      
 1334       1335      
 1335       1341      
 1336       1338      
 1336       1337      
 1338       1366      
 1339       1386      
 1339       1340      
 1340       1342      
 1341       1345      
 1342       1382      
 1343       1376      
 1344       1346      
 1344       1351      
 1345       1380      
 1346       1399      
 1346       1371      
 1346       1348      
 1347       1348      
 1349       1372      
 1349       1350      
 1350       1356      
 1352       1547      
 1352       1355      
 1353       1357      
 1353       1355      
 1353       1354      
 1354       1362      
 1355       1415      
 1356       1357      
 1356       1358      
 1357       1364      
 1359       1361      
 1360       1362      
 1360       1388      
 1361       1368      
 1363       1372      
 1363       1419      
 1363       1364      
 1365       1391      
 1365       1366      
 1367       1388      
 1367       1368      
 1369       1372      
 1370       1391      
 1370       1371      
 1372       1403      
 1373       1380      
 1373       1394      
 1373       1374      
 1374       1375      
 1375       1377      
 1376       1377      
 1377       1378      
 1378       1395      
 1378       1384      
 1379       1380      
 1380       1394      
 1381       1389      
 1381       1385      
 1382       1384      
 1383       1424      
 1383       1384      
 1383       1385      
 1384       1395      
 1385       1386      
 1387       1399      
 1387       1388      
 1388       1392      
 1389       1396      
 1390       1396      
 1390       1391      
 1391       1397      
 1392       1393      
 1393       1429      
 1394       1416      
 1395       1420      
 1396       1412      
 1397       1398      
 1398       1413      
 1399       1455      
 1399       1400      
 1400       1401      
 1401       1408      
 1402       1404      
 1402       1417      
 1403       1404      
 1404       1405      
 1405       1603      
 1405       1407      
 1405       1406      
 1406       1560      
 1408       1413      
 1409       1440      
 1409       1413      
 1410       1413      
 1410       1412      
 1411       1414      
 1411       1412      
 1414       1439      
 1415       1445      
 1415       1429      
 1416       1430      
 1416       1421      
 1417       1418      
 1418       1419      
 1419       1519      
 1420       1422      
 1420       1423      
 1421       1422      
 1422       1474      
 1422       1423      
 1423       1436      
 1423       1426      
 1424       1425      
 1425       1426      
 1425       1427      
 1426       1437      
 1427       1432      
 1428       1444      
 1428       1429      
 1430       1431      
 1431       1434      
 1432       1433      
 1433       1441      
 1434       1464      
 1434       1470      
 1435       1481      
 1435       1438      
 1435       1436      
 1437       1438      
 1438       1479      
 1438       1480      
 1439       1459      
 1439       1441      
 1440       1488      
 1441       1453      
 1442       1444      
 1442       1445      
 1443       1490      
 1443       1447      
 1443       1444      
 1444       1490      
 1446       1450      
 1447       1468      
 1448       2376      
 1448       1449      
 1448       1604      
 1449       1450      
 1450       1451      
 1452       1494      
 1452       1480      
 1452       1453      
 1454       1473      
 1454       1456      
 1455       1511      
 1455       1456      
 1455       1458      
 1457       1466      
 1457       1459      
 1458       1497      
 1459       1477      
 1460       1461      
 1460       1464      
 1460       1462      
 1461       1498      
 1462       1469      
 1463       1472      
 1463       1470      
 1465       1471      
 1465       1467      
 1466       1467      
 1468       1473      
 1469       1470      
 1471       1489      
 1472       1475      
 1472       1481      
 1472       1474      
 1473       1483      
 1475       1498      
 1476       1517      
 1476       1494      
 1476       1477      
 1478       1482      
 1478       1508      
 1478       1479      
 1478       1480      
 1479       1481      
 1480       1494      
 1481       1482      
 1482       1542      
 1482       1541      
 1483       1511      
 1483       1484      
 1484       1504      
 1484       1491      
 1485       1486      
 1485       1487      
 1486       1522      
 1486       1496      
 1487       1501      
 1487       1489      
 1487       1488      
 1490       1493      
 1490       1491      
 1491       1492      
 1492       1500      
 1492       1493      
 1493       1503      
 1494       1495      
 1495       1506      
 1496       1512      
 1496       1497      
 1498       1571      
 1499       1537      
 1499       1500      
 1499       1504      
 1500       1504      
 1501       1502      
 1502       1534      
 1503       1509      
 1505       1507      
 1505       1550      
 1505       1506      
 1506       1508      
 1507       1542      
 1509       1510      
 1510       1514      
 1511       1520      
 1511       1513      
 1512       1531      
 1512       1513      
 1512       1528      
 1513       1533      
 1514       1515      
 1515       1624      
 1516       1517      
 1516       1525      
 1517       1518      
 1518       1550      
 1519       1561      
 1519       1521      
 1520       1538      
 1520       1533      
 1521       1610      
 1522       1528      
 1522       1526      
 1523       1548      
 1523       1524      
 1524       1569      
 1524       1530      
 1524       1525      
 1525       1526      
 1527       1556      
 1527       1529      
 1527       1528      
 1528       1545      
 1529       1535      
 1530       1535      
 1531       1545      
 1531       1565      
 1531       1533      
 1532       1563      
 1532       1538      
 1532       1533      
 1534       1535      
 1535       1539      
 1536       1577      
 1536       1537      
 1536       1538      
 1537       1621      
 1537       1538      
 1539       1540      
 1540       1552      
 1541       1543      
 1541       1542      
 1542       1546      
 1543       1546      
 1543       1544      
 1544       1571      
 1545       1559      
 1545       1556      
 1546       1660      
 1547       1618      
 1547       1610      
 1548       1553      
 1549       1648      
 1549       1551      
 1549       1550      
 1551       1583      
 1551       1570      
 1552       1553      
 1553       1567      
 1553       1554      
 1554       1555      
 1555       1556      
 1556       1573      
 1557       1561      
 1557       1629      
 1558       1673      
 1558       1560      
 1559       1562      
 1560       1724      
 1560       1561      
 1562       1579      
 1562       1566      
 1563       1578      
 1563       1564      
 1564       1566      
 1565       1566      
 1566       1572      
 1567       1568      
 1568       1576      
 1569       1570      
 1571       1700      
 1572       1581      
 1573       1594      
 1573       1580      
 1573       1574      
 1574       1575      
 1575       1576      
 1576       1584      
 1577       1590      
 1577       1578      
 1578       1589      
 1578       1582      
 1579       1606      
 1579       1580      
 1581       1599      
 1581       1582      
 1583       1585      
 1584       1586      
 1585       1633      
 1585       1593      
 1585       1586      
 1587       1592      
 1587       1589      
 1588       1600      
 1588       1589      
 1589       1590      
 1590       1591      
 1591       1647      
 1591       1592      
 1592       1598      
 1593       1595      
 1594       1597      
 1595       1596      
 1596       1597      
 1597       1607      
 1598       1615      
 1598       1600      
 1599       1602      
 1599       1601      
 1600       1602      
 1601       1608      
 1603       1605      
 1604       1856      
 1604       1605      
 1606       1637      
 1606       1607      
 1606       1609      
 1607       1641      
 1608       1612      
 1608       1609      
 1609       1613      
 1610       1611      
 1611       1616      
 1611       1617      
 1612       1628      
 1613       1622      
 1614       1615      
 1614       1628      
 1615       1623      
 1616       1632      
 1616       1679      
 1616       1617      
 1617       1636      
 1617       1618      
 1618       1619      
 1619       1636      
 1619       1620      
 1619       1624      
 1620       1635      
 1620       1621      
 1622       1627      
 1622       1638      
 1623       1625      
 1623       1626      
 1625       1652      
 1625       1631      
 1626       1628      
 1627       1631      
 1627       1628      
 1629       1630      
 1630       1632      
 1632       1675      
 1633       1634      
 1634       1642      
 1635       1636      
 1635       1663      
 1635       1661      
 1636       1677      
 1637       1651      
 1637       1638      
 1639       1712      
 1639       1640      
 1640       1643      
 1640       1645      
 1640       1642      
 1641       1643      
 1642       1645      
 1644       1648      
 1644       1645      
 1645       1662      
 1646       1647      
 1646       1650      
 1646       1652      
 1647       1690      
 1648       1672      
 1648       1649      
 1649       1659      
 1650       1687      
 1650       1652      
 1651       1652      
 1651       1658      
 1653       1680      
 1653       1660      
 1653       1654      
 1654       1700      
 1655       1658      
 1655       1711      
 1656       1688      
 1656       1657      
 1656       1661      
 1657       1664      
 1659       1702      
 1659       1660      
 1660       1680      
 1662       1704      
 1663       1670      
 1663       1664      
 1664       1665      
 1665       1666      
 1666       1676      
 1666       1667      
 1667       1670      
 1668       1669      
 1668       1677      
 1668       1670      
 1669       1676      
 1671       1699      
 1671       1672      
 1673       1719      
 1673       1682      
 1673       1675      
 1674       1723      
 1674       1676      
 1675       1683      
 1677       1685      
 1677       1679      
 1678       1683      
 1678       1684      
 1678       1679      
 1680       1681      
 1681       1706      
 1682       1747      
 1682       1692      
 1682       1683      
 1684       1692      
 1684       1685      
 1685       1686      
 1686       1709      
 1687       1691      
 1687       1695      
 1688       1689      
 1688       1690      
 1689       1713      
 1691       1696      
 1692       1693      
 1692       1734      
 1693       1770      
 1693       1766      
 1694       1708      
 1694       1711      
 1695       1696      
 1696       1729      
 1697       1698      
 1697       1699      
 1698       1714      
 1699       1701      
 1699       1704      
 1700       1736      
 1701       1703      
 1702       1705      
 1703       1741      
 1703       1708      
 1703       1716      
 1705       1718      
 1705       1706      
 1706       1726      
 1707       1749      
 1707       1710      
 1709       1765      
 1710       1711      
 1711       1712      
 1713       1715      
 1714       1786      
 1714       1716      
 1715       1751      
 1717       1776      
 1717       1718      
 1719       1748      
 1719       1720      
 1720       1721      
 1721       1722      
 1721       1724      
 1722       1835      
 1723       1727      
 1725       1750      
 1725       1726      
 1727       1735      
 1727       1728      
 1728       1732      
 1729       1730      
 1730       1801      
 1730       1732      
 1730       1731      
 1731       1757      
 1733       1765      
 1733       1734      
 1735       1746      
 1736       1737      
 1737       1815      
 1738       1803      
 1738       1740      
 1739       1740      
 1739       1741      
 1740       1742      
 1740       1754      
 1742       1758      
 1743       1780      
 1743       1744      
 1744       1745      
 1744       1746      
 1745       1751      
 1747       1748      
 1747       1770      
 1748       1841      
 1749       1753      
 1750       1813      
 1751       1802      
 1752       1790      
 1752       1753      
 1753       1761      
 1753       1755      
 1754       1755      
 1756       1781      
 1756       1762      
 1756       1757      
 1758       1787      
 1759       1765      
 1759       1760      
 1760       1796      
 1761       1762      
 1763       1767      
 1763       1797      
 1763       1764      
 1764       1765      
 1766       1767      
 1767       1768      
 1767       1799      
 1768       1832      
 1768       1774      
 1769       1774      
 1769       1770      
 1771       1779      
 1771       1772      
 1772       1787      
 1773       1776      
 1773       1805      
 1775       1789      
 1775       1776      
 1777       1778      
 1777       1783      
 1778       1805      
 1779       1783      
 1780       1807      
 1781       1782      
 1782       1819      
 1782       1802      
 1782       1793      
 1783       1784      
 1783       1785      
 1784       1814      
 1785       1786      
 1787       1788      
 1788       1789      
 1789       1804      
 1790       1791      
 1791       1793      
 1791       1792      
 1792       1809      
 1794       1795      
 1794       1796      
 1795       1807      
 1797       1798      
 1798       1800      
 1798       1799      
 1800       1833      
 1801       1802      
 1802       1811      
 1803       1804      
 1803       1808      
 1804       1845      
 1805       1806      
 1806       1818      
 1807       1879      
 1807       1812      
 1808       1824      
 1809       1824      
 1810       1826      
 1810       1813      
 1811       1897      
 1811       1819      
 1811       1812      
 1813       1816      
 1813       1814      
 1815       1821      
 1815       1837      
 1816       1820      
 1817       1843      
 1817       1818      
 1819       1911      
 1820       1852      
 1821       1849      
 1821       1822      
 1823       1851      
 1823       1825      
 1824       1825      
 1826       1827      
 1827       1828      
 1828       1857      
 1828       1829      
 1828       1831      
 1829       1870      
 1829       1830      
 1830       1864      
 1831       1836      
 1832       1885      
 1832       1833      
 1833       1840      
 1833       1846      
 1834       2072      
 1834       1839      
 1834       1835      
 1835       1838      
 1836       1854      
 1836       1837      
 1838       1910      
 1838       1883      
 1838       1841      
 1839       2237      
 1839       1856      
 1840       1859      
 1842       1852      
 1842       1843      
 1843       1844      
 1844       1872      
 1845       1847      
 1846       1860      
 1847       1873      
 1847       1871      
 1847       1848      
 1848       1850      
 1849       1891      
 1849       1855      
 1850       1851      
 1851       1918      
 1852       1895      
 1852       1853      
 1853       1868      
 1853       1857      
 1854       1855      
 1855       1886      
 1855       1858      
 1858       1867      
 1859       1968      
 1859       1860      
 1860       1861      
 1861       1880      
 1862       1863      
 1862       1867      
 1863       1864      
 1864       1878      
 1865       1866      
 1865       1867      
 1866       1878      
 1868       1899      
 1869       1905      
 1869       1870      
 1871       1875      
 1872       1876      
 1873       1874      
 1874       1901      
 1875       1890      
 1876       1884      
 1876       1903      
 1877       1886      
 1877       1878      
 1879       1881      
 1880       1929      
 1880       1887      
 1880       1881      
 1882       1883      
 1882       1885      
 1883       1906      
 1884       1892      
 1885       1964      
 1886       1891      
 1886       1914      
 1887       1889      
 1888       1936      
 1888       1891      
 1889       1893      
 1890       1900      
 1890       1892      
 1893       1950      
 1893       1902      
 1893       1897      
 1894       1933      
 1894       1896      
 1894       1895      
 1896       1898      
 1898       1899      
 1899       1909      
 1900       1901      
 1901       1957      
 1902       1913      
 1903       1904      
 1904       1933      
 1905       1915      
 1906       1908      
 1907       1909      
 1907       1934      
 1908       2039      
 1908       1910      
 1911       1912      
 1912       1923      
 1912       1913      
 1912       1920      
 1914       1925      
 1914       1916      
 1915       1924      
 1915       1917      
 1916       1917      
 1918       1919      
 1919       1921      
 1920       1922      
 1921       1949      
 1921       1926      
 1921       1922      
 1923       1951      
 1924       1930      
 1925       1943      
 1926       1927      
 1928       1973      
 1928       1929      
 1930       1931      
 1931       1947      
 1931       1935      
 1931       1934      
 1932       1962      
 1932       1933      
 1935       1939      
 1936       1983      
 1936       1937      
 1936       1941      
 1937       1938      
 1939       1942      
 1940       1941      
 1940       1943      
 1942       1943      
 1943       1944      
 1944       1976      
 1945       1948      
 1945       1947      
 1946       2032      
 1946       1949      
 1948       1997      
 1950       1954      
 1951       1954      
 1951       1953      
 1951       1952      
 1953       2009      
 1954       1963      
 1954       1958      
 1955       1956      
 1955       1960      
 1956       1959      
 1956       1957      
 1958       1973      
 1959       2051      
 1960       1961      
 1961       2015      
 1961       1967      
 1961       1962      
 1963       2031      
 1964       1966      
 1964       1968      
 1965       1966      
 1965       1975      
 1966       1990      
 1967       1969      
 1969       1970      
 1970       1997      
 1971       2016      
 1971       1988      
 1971       1972      
 1972       1973      
 1973       1974      
 1974       1986      
 1975       1977      
 1976       2008      
 1976       1978      
 1977       1998      
 1978       1981      
 1979       2004      
 1979       1980      
 1979       1982      
 1980       1981      
 1981       2003      
 1982       1983      
 1984       2022      
 1984       1985      
 1985       1987      
 1985       1986      
 1987       2041      
 1988       1989      
 1989       1992      
 1990       1994      
 1990       1991      
 1990       1999      
 1991       2014      
 1991       1994      
 1992       1993      
 1993       1998      
 1994       1995      
 1995       2000      
 1996       2012      
 1996       1997      
 1997       2001      
 1998       2000      
 1998       1999      
 2000       2110      
 2000       2023      
 2001       2033      
 2002       2005      
 2002       2003      
 2003       2008      
 2004       2043      
 2004       2005      
 2005       2010      
 2006       2025      
 2006       2007      
 2007       2009      
 2008       2010      
 2009       2020      
 2010       2035      
 2011       2028      
 2011       2012      
 2013       2048      
 2013       2017      
 2014       2024      
 2015       2021      
 2016       2023      
 2017       2019      
 2018       2019      
 2018       2030      
 2019       2021      
 2020       2027      
 2022       2023      
 2023       2117      
 2024       2037      
 2025       2106      
 2025       2026      
 2025       2032      
 2026       2057      
 2027       2031      
 2028       2029      
 2028       2030      
 2029       2094      
 2031       2097      
 2031       2034      
 2033       2036      
 2034       2038      
 2035       2046      
 2035       2036      
 2036       2045      
 2037       2061      
 2037       2039      
 2038       2040      
 2039       2063      
 2040       2042      
 2040       2041      
 2042       2052      
 2043       2059      
 2043       2047      
 2043       2044      
 2045       2050      
 2046       2068      
 2046       2050      
 2046       2047      
 2048       2049      
 2048       2053      
 2048       2051      
 2049       2077      
 2050       2067      
 2050       2055      
 2052       2089      
 2053       2054      
 2054       2062      
 2055       2056      
 2056       2069      
 2057       2070      
 2058       2111      
 2058       2061      
 2059       2122      
 2059       2060      
 2060       2068      
 2061       2063      
 2062       2079      
 2063       2065      
 2063       2137      
 2064       2120      
 2064       2066      
 2064       2068      
 2065       2072      
 2066       2081      
 2066       2067      
 2067       2068      
 2067       2069      
 2069       2080      
 2070       2079      
 2071       2083      
 2071       2237      
 2071       2072      
 2072       2083      
 2073       2091      
 2073       2074      
 2074       2075      
 2074       2077      
 2075       2076      
 2078       2168      
 2078       2079      
 2080       2082      
 2080       2096      
 2081       2084      
 2082       2086      
 2083       2322      
 2084       2118      
 2084       2086      
 2085       2096      
 2085       2093      
 2087       2098      
 2087       2116      
 2087       2088      
 2088       2089      
 2089       2092      
 2089       2090      
 2090       2129      
 2091       2164      
 2092       2102      
 2093       2123      
 2093       2094      
 2095       2105      
 2095       2096      
 2097       2100      
 2098       2099      
 2099       2135      
 2099       2113      
 2100       2227      
 2100       2129      
 2100       2103      
 2101       2133      
 2101       2102      
 2103       2104      
 2103       2106      
 2104       2181      
 2105       2152      
 2105       2115      
 2107       2113      
 2107       2109      
 2107       2117      
 2108       2111      
 2108       2109      
 2109       2114      
 2109       2110      
 2110       2117      
 2111       2213      
 2111       2143      
 2112       2115      
 2112       2118      
 2113       2114      
 2113       2128      
 2114       2140      
 2116       2117      
 2119       2126      
 2119       2120      
 2119       2124      
 2120       2150      
 2121       2157      
 2121       2123      
 2122       2124      
 2124       2126      
 2125       2187      
 2125       2151      
 2125       2126      
 2127       2144      
 2127       2128      
 2128       2130      
 2129       2131      
 2130       2135      
 2131       2141      
 2131       2132      
 2132       2135      
 2133       2134      
 2134       2145      
 2135       2163      
 2136       2139      
 2136       2137      
 2138       2180      
 2138       2140      
 2139       2264      
 2140       2142      
 2141       2153      
 2142       2143      
 2143       2165      
 2144       2159      
 2144       2179      
 2144       2145      
 2146       2172      
 2146       2148      
 2147       2156      
 2147       2157      
 2148       2157      
 2149       2152      
 2149       2162      
 2150       2176      
 2150       2151      
 2150       2155      
 2151       2177      
 2152       2155      
 2153       2170      
 2153       2154      
 2155       2201      
 2156       2161      
 2158       2173      
 2158       2161      
 2159       2160      
 2160       2175      
 2161       2185      
 2161       2162      
 2163       2180      
 2163       2169      
 2163       2167      
 2164       2183      
 2164       2166      
 2165       2174      
 2166       2189      
 2167       2171      
 2168       2181      
 2168       2182      
 2169       2171      
 2170       2171      
 2170       2227      
 2172       2173      
 2173       2202      
 2174       2191      
 2174       2175      
 2176       2204      
 2176       2177      
 2177       2187      
 2178       2253      
 2178       2180      
 2179       2180      
 2181       2222      
 2181       2182      
 2182       2223      
 2182       2184      
 2183       2184      
 2185       2186      
 2186       2190      
 2187       2217      
 2188       2199      
 2188       2189      
 2190       2196      
 2190       2192      
 2191       2193      
 2192       2194      
 2193       2216      
 2194       2195      
 2195       2198      
 2196       2197      
 2197       2203      
 2198       2199      
 2199       2211      
 2200       2201      
 2200       2206      
 2201       2219      
 2202       2210      
 2203       2207      
 2204       2205      
 2205       2218      
 2206       2207      
 2207       2215      
 2208       2245      
 2208       2212      
 2209       2233      
 2209       2210      
 2210       2223      
 2210       2211      
 2212       2243      
 2212       2214      
 2212       2216      
 2213       2214      
 2214       2216      
 2215       2220      
 2217       2229      
 2218       2219      
 2219       2242      
 2220       2221      
 2221       2224      
 2222       2223      
 2222       2269      
 2223       2288      
 2224       2225      
 2225       2235      
 2225       2226      
 2226       2232      
 2227       2228      
 2228       2283      
 2229       2272      
 2229       2230      
 2231       2233      
 2231       2232      
 2233       2234      
 2234       2247      
 2235       2236      
 2236       2240      
 2237       2238      
 2238       2370      
 2239       2240      
 2239       2242      
 2240       2246      
 2241       2244      
 2241       2242      
 2242       2248      
 2243       2252      
 2244       2272      
 2245       2254      
 2246       2250      
 2247       2251      
 2248       2249      
 2249       2256      
 2250       2258      
 2251       2255      
 2252       2262      
 2252       2253      
 2253       2298      
 2254       2259      
 2254       2261      
 2255       2266      
 2256       2257      
 2257       2293      
 2257       2268      
 2257       2258      
 2259       2263      
 2260       2328      
 2260       2265      
 2261       2262      
 2262       2306      
 2263       2264      
 2264       2265      
 2264       2308      
 2266       2270      
 2266       2267      
 2267       2268      
 2269       2275      
 2269       2283      
 2270       2271      
 2271       2284      
 2272       2273      
 2273       2277      
 2273       2274      
 2275       2278      
 2275       2276      
 2276       2280      
 2277       2297      
 2278       2289      
 2279       2287      
 2279       2291      
 2279       2280      
 2280       2289      
 2281       2283      
 2281       2290      
 2282       2294      
 2282       2283      
 2284       2296      
 2284       2285      
 2284       2288      
 2285       2287      
 2286       2304      
 2286       2287      
 2286       2289      
 2288       2291      
 2289       2294      
 2290       2300      
 2292       2297      
 2292       2293      
 2294       2304      
 2294       2303      
 2295       2323      
 2295       2296      
 2297       2309      
 2297       2319      
 2298       2300      
 2299       2314      
 2299       2300      
 2300       2312      
 2301       2332      
 2301       2304      
 2302       2303      
 2302       2307      
 2303       2304      
 2305       2318      
 2305       2306      
 2306       2308      
 2307       2310      
 2309       2347      
 2310       2313      
 2311       2343      
 2311       2312      
 2312       2313      
 2314       2315      
 2315       2316      
 2316       2317      
 2316       2318      
 2317       2340      
 2317       2318      
 2319       2320      
 2320       2321      
 2321       2327      
 2322       2328      
 2323       2325      
 2323       2324      
 2324       2327      
 2325       2333      
 2325       2339      
 2325       2327      
 2326       2336      
 2326       2327      
 2328       2329      
 2328       2330      
 2329       2386      
 2330       2335      
 2331       2373      
 2331       2332      
 2332       2334      
 2332       2333      
 2334       2353      
 2335       2338      
 2336       2337      
 2337       2360      
 2337       2339      
 2338       2340      
 2338       2374      
 2340       2341      
 2341       2395      
 2342       2352      
 2342       2343      
 2343       2350      
 2344       2348      
 2344       2356      
 2345       2346      
 2345       2348      
 2347       2349      
 2348       2357      
 2348       2349      
 2350       2351      
 2351       2353      
 2351       2352      
 2352       2354      
 2352       2359      
 2353       2363      
 2353       2354      
 2354       2363      
 2354       2359      
 2355       2379      
 2355       2357      
 2356       2368      
 2358       2395      
 2358       2359      
 2360       2362      
 2360       2361      
 2361       2368      
 2362       2365      
 2363       2364      
 2364       2398      
 2364       2397      
 2365       2366      
 2365       2373      
 2366       2437      
 2366       2381      
 2367       2380      
 2367       2368      
 2369       2410      
 2369       2372      
 2370       2424      
 2370       2371      
 2370       2376      
 2372       2373      
 2372       2377      
 2374       2375      
 2375       2414      
 2377       2398      
 2378       2387      
 2378       2379      
 2378       2380      
 2379       2383      
 2380       2381      
 2382       2423      
 2382       2384      
 2383       2385      
 2384       2388      
 2384       2386      
 2385       2390      
 2387       2389      
 2388       2428      
 2389       2390      
 2390       2408      
 2390       2393      
 2391       2392      
 2391       2400      
 2391       2395      
 2392       2403      
 2392       2396      
 2392       2395      
 2393       2394      
 2396       2397      
 2397       2401      
 2397       2398      
 2398       2401      
 2399       2400      
 2399       2402      
 2400       2407      
 2401       2438      
 2402       2412      
 2403       2465      
 2403       2407      
 2404       2406      
 2404       2405      
 2406       2407      
 2408       2409      
 2409       2435      
 2410       2411      
 2411       2418      
 2412       2432      
 2412       2413      
 2412       2414      
 2413       2417      
 2415       2420      
 2415       2416      
 2416       2425      
 2417       2419      
 2418       2422      
 2419       2472      
 2419       2421      
 2419       2420      
 2420       2427      
 2420       2423      
 2421       2480      
 2422       2470      
 2422       2437      
 2424       2425      
 2425       2426      
 2425       2428      
 2426       2429      
 2427       2454      
 2429       2455      
 2430       2440      
 2430       2432      
 2431       2447      
 2431       2433      
 2433       2435      
 2434       2441      
 2434       2435      
 2436       2457      
 2436       2437      
 2438       2461      
 2438       2439      
 2439       2467      
 2440       2477      
 2440       2444      
 2441       2442      
 2442       2453      
 2442       2443      
 2443       2450      
 2444       2451      
 2445       2446      
 2445       2449      
 2447       2450      
 2448       2486      
 2448       2450      
 2449       2450      
 2451       2460      
 2451       2452      
 2452       2456      
 2453       2457      
 2454       2455      
 2455       2536      
 2455       2459      
 2456       2458      
 2457       2491      
 2457       2473      
 2458       2462      
 2460       2463      
 2461       2469      
 2461       2464      
 2462       2463      
 2462       2472      
 2463       2478      
 2464       2468      
 2465       2466      
 2466       2467      
 2466       2528      
 2467       2468      
 2468       2567      
 2469       2488      
 2469       2470      
 2470       2474      
 2471       2481      
 2471       2472      
 2473       2474      
 2474       2475      
 2475       2495      
 2476       2508      
 2476       2485      
 2476       2477      
 2478       2484      
 2478       2479      
 2479       2481      
 2480       2481      
 2480       2525      
 2481       2482      
 2482       2483      
 2482       2525      
 2483       2485      
 2483       2484      
 2486       2487      
 2487       2498      
 2488       2492      
 2489       2512      
 2489       2490      
 2490       2597      
 2490       2491      
 2491       2500      
 2492       2523      
 2492       2493      
 2493       2494      
 2494       2503      
 2494       2495      
 2495       2503      
 2496       2505      
 2496       2497      
 2497       2498      
 2498       2499      
 2499       2504      
 2500       2502      
 2501       2596      
 2501       2503      
 2501       2519      
 2502       2512      
 2502       2504      
 2504       2506      
 2505       2510      
 2505       2506      
 2507       2540      
 2507       2508      
 2509       2607      
 2509       2512      
 2510       2511      
 2511       2513      
 2512       2515      
 2513       2529      
 2513       2514      
 2513       2517      
 2514       2515      
 2515       2516      
 2516       2518      
 2517       2520      
 2518       2520      
 2519       2521      
 2520       2535      
 2521       2561      
 2521       2523      
 2522       2532      
 2523       2553      
 2524       2525      
 2524       2532      
 2525       2526      
 2527       2531      
 2527       2538      
 2528       2531      
 2529       2530      
 2530       2544      
 2531       2569      
 2531       2572      
 2532       2533      
 2532       2534      
 2534       2536      
 2535       2539      
 2537       2538      
 2537       2540      
 2539       2541      
 2540       2554      
 2541       2546      
 2542       2549      
 2542       2543      
 2542       2544      
 2543       2545      
 2545       2546      
 2546       2550      
 2546       2547      
 2547       2548      
 2548       2555      
 2549       2552      
 2550       2551      
 2551       2552      
 2551       2559      
 2552       2608      
 2553       2565      
 2554       2556      
 2555       2560      
 2556       2573      
 2557       2561      
 2557       2568      
 2558       2559      
 2558       2560      
 2560       2563      
 2561       2562      
 2563       2564      
 2564       2575      
 2565       2566      
 2565       2567      
 2566       2568      
 2566       2599      
 2569       2571      
 2570       2571      
 2572       2573      
 2574       2581      
 2574       2575      
 2575       2579      
 2575       2577      
 2576       2577      
 2576       2589      
 2578       2582      
 2578       2579      
 2580       2584      
 2580       2581      
 2582       2592      
 2582       2583      
 2583       2584      
 2584       2593      
 2585       2587      
 2585       2586      
 2587       2590      
 2587       2588      
 2589       2590      
 2590       2595      
 2591       2603      
 2591       2594      
 2591       2592      
 2593       2600      
 2594       2620      
 2595       2602      
 2596       2616      
 2596       2597      
 2597       2598      
 2598       2621      
 2598       2616      
 2599       2601      
 2600       2602      
 2601       2609      
 2602       2605      
 2603       2604      
 2603       2607      
 2603       2608      
 2604       2629      
 2605       2610      
 2606       2609      
 2607       2618      
 2610       2611      
 2611       2612      
 2611       2613      
 2612       2628      
 2613       2614      
 2615       2619      
 2615       2621      
 2615       2616      
 2617       2618      
 2617       2623      
 2620       2625      
 2620       2626      
 2621       2622      
 2622       2623      
 2624       2629      
 2624       2627      
 2624       2625      
 2626       2627      
 2626       2630      
 2630       2631      
 2631       2632      
 2633       2634      
 2633       2637      
 2635       2637      
 2635       2636      
 2637       2638      
 2638       2639      
