 # i        j         
 0          1         
 0          1315      
 0          7         
 1          1319      
 1          1314      
 1          6         
 2          1283      
 2          74        
 2          3         
 2          1282      
 3          5         
 3          26        
 3          4         
 4          1311      
 5          25        
 5          53        
 6          10        
 6          8         
 6          11        
 7          10        
 7          9         
 8          1312      
 8          18        
 8          1307      
 9          10        
 10         12        
 10         11        
 10         13        
 11         12        
 12         15        
 13         23        
 13         24        
 14         17        
 14         16        
 14         22        
 14         15        
 15         19        
 15         16        
 16         20        
 16         1314      
 17         20        
 17         21        
 18         29        
 18         20        
 18         27        
 18         19        
 19         22        
 19         61        
 19         25        
 20         29        
 20         24        
 20         21        
 21         31        
 22         28        
 22         23        
 23         37        
 23         48        
 23         24        
 24         52        
 24         27        
 24         26        
 25         26        
 26         27        
 26         1309      
 28         37        
 28         29        
 29         30        
 30         36        
 30         32        
 30         31        
 31         34        
 31         32        
 32         35        
 33         54        
 33         34        
 33         1285      
 34         53        
 34         35        
 35         46        
 35         59        
 35         36        
 36         1303      
 36         1281      
 36         38        
 36         37        
 37         38        
 37         51        
 38         58        
 38         43        
 38         39        
 39         41        
 39         40        
 40         42        
 40         41        
 41         42        
 42         43        
 43         51        
 43         44        
 43         45        
 44         45        
 46         56        
 46         47        
 47         50        
 47         48        
 48         49        
 48         50        
 48         97        
 48         1263      
 49         1266      
 49         51        
 49         50        
 51         55        
 51         52        
 52         65        
 52         66        
 53         54        
 54         72        
 54         55        
 54         67        
 55         1286      
 55         58        
 56         57        
 56         68        
 57         58        
 57         64        
 58         59        
 58         68        
 59         60        
 59         79        
 60         1309      
 60         61        
 61         63        
 61         62        
 62         66        
 62         64        
 63         71        
 63         64        
 64         65        
 65         76        
 66         70        
 67         75        
 67         69        
 67         68        
 67         72        
 68         69        
 69         95        
 69         72        
 70         71        
 71         80        
 71         78        
 72         74        
 73         75        
 73         74        
 73         97        
 74         94        
 75         81        
 75         82        
 75         76        
 76         93        
 77         1261      
 77         1229      
 77         309       
 77         79        
 78         87        
 78         80        
 79         89        
 79         81        
 79         308       
 79         1185      
 80         86        
 80         88        
 81         91        
 82         83        
 82         90        
 82         84        
 83         84        
 84         85        
 84         86        
 85         86        
 86         90        
 86         92        
 86         101       
 87         106       
 87         89        
 88         92        
 89         103       
 89         91        
 90         93        
 91         95        
 92         93        
 92         106       
 94         1286      
 94         121       
 95         131       
 95         96        
 96         97        
 96         98        
 97         98        
 98         114       
 98         230       
 99         110       
 99         106       
 99         101       
 99         100       
 100        102       
 100        108       
 101        102       
 102        108       
 102        106       
 103        105       
 103        104       
 104        105       
 104        114       
 105        106       
 105        109       
 106        107       
 107        118       
 108        112       
 108        124       
 109        124       
 109        115       
 110        111       
 111        115       
 111        113       
 112        117       
 112        113       
 113        115       
 113        116       
 114        125       
 114        123       
 115        116       
 116        117       
 116        118       
 117        118       
 118        119       
 119        122       
 119        125       
 119        120       
 120        121       
 120        136       
 121        160       
 122        124       
 122        126       
 122        128       
 122        123       
 123        127       
 123        125       
 123        132       
 123        124       
 124        138       
 125        127       
 125        126       
 125        129       
 126        129       
 127        142       
 127        133       
 128        146       
 129        141       
 129        134       
 129        136       
 129        139       
 130        147       
 130        131       
 130        157       
 132        135       
 132        144       
 133        157       
 133        134       
 134        135       
 135        143       
 136        140       
 136        137       
 137        161       
 137        138       
 137        163       
 138        139       
 139        140       
 139        146       
 139        142       
 139        147       
 140        151       
 141        150       
 141        142       
 142        145       
 143        145       
 143        162       
 143        146       
 144        145       
 144        149       
 145        149       
 145        173       
 146        148       
 147        179       
 147        152       
 147        155       
 148        170       
 149        154       
 149        168       
 149        150       
 150        166       
 150        156       
 150        152       
 150        170       
 151        155       
 152        157       
 152        153       
 153        154       
 155        180       
 155        156       
 155        164       
 157        158       
 157        160       
 158        224       
 158        163       
 158        211       
 159        257       
 159        160       
 159        161       
 160        196       
 160        163       
 161        256       
 162        163       
 162        164       
 162        181       
 163        169       
 163        165       
 164        166       
 164        183       
 165        167       
 166        167       
 166        186       
 167        169       
 167        168       
 168        175       
 168        183       
 168        169       
 168        221       
 169        170       
 169        171       
 169        185       
 169        172       
 171        175       
 172        188       
 172        179       
 173        193       
 173        174       
 174        211       
 174        179       
 174        175       
 175        176       
 175        185       
 176        188       
 176        178       
 176        177       
 177        178       
 179        182       
 180        193       
 180        229       
 180        182       
 181        187       
 181        194       
 181        196       
 181        186       
 181        182       
 182        224       
 182        198       
 182        183       
 183        187       
 183        186       
 184        185       
 184        187       
 184        190       
 186        194       
 187        188       
 187        192       
 187        189       
 188        189       
 188        195       
 189        192       
 189        190       
 189        191       
 191        192       
 192        197       
 194        195       
 194        203       
 194        202       
 195        200       
 196        197       
 196        217       
 196        201       
 197        203       
 198        200       
 198        199       
 199        202       
 199        200       
 200        204       
 201        216       
 201        202       
 202        204       
 202        208       
 203        206       
 204        207       
 204        205       
 205        207       
 205        215       
 206        208       
 206        207       
 207        208       
 207        210       
 208        209       
 209        212       
 209        226       
 209        211       
 210        212       
 210        225       
 210        213       
 210        211       
 211        212       
 212        213       
 213        214       
 213        215       
 214        215       
 214        218       
 215        216       
 216        217       
 216        220       
 216        223       
 216        218       
 217        221       
 218        219       
 219        220       
 220        221       
 220        227       
 221        223       
 221        222       
 222        223       
 222        225       
 222        224       
 222        250       
 223        224       
 224        227       
 224        230       
 225        228       
 225        226       
 225        231       
 226        235       
 226        227       
 227        234       
 227        242       
 227        235       
 228        232       
 228        230       
 228        291       
 229        230       
 229        253       
 229        231       
 230        253       
 230        232       
 231        234       
 231        259       
 232        233       
 232        236       
 233        255       
 233        234       
 234        241       
 234        236       
 235        246       
 236        244       
 236        237       
 236        238       
 237        238       
 238        243       
 239        242       
 239        267       
 239        241       
 239        240       
 240        242       
 241        247       
 242        243       
 243        245       
 243        244       
 243        248       
 244        245       
 244        248       
 245        247       
 245        246       
 246        265       
 246        247       
 247        249       
 248        252       
 248        250       
 249        250       
 249        252       
 250        251       
 250        263       
 252        253       
 252        254       
 252        286       
 253        258       
 253        273       
 253        255       
 254        257       
 254        255       
 254        268       
 255        257       
 255        256       
 255        295       
 256        263       
 256        257       
 257        258       
 258        260       
 258        266       
 258        278       
 259        260       
 259        261       
 260        261       
 260        266       
 260        273       
 261        263       
 261        262       
 262        264       
 263        264       
 264        267       
 264        277       
 264        278       
 265        266       
 265        269       
 265        267       
 266        269       
 267        272       
 268        279       
 269        270       
 270        271       
 271        272       
 272        275       
 272        286       
 273        274       
 274        279       
 274        276       
 275        276       
 275        280       
 276        277       
 276        286       
 278        289       
 279        280       
 280        281       
 280        284       
 280        282       
 281        282       
 282        288       
 283        290       
 283        286       
 284        294       
 285        286       
 285        297       
 286        287       
 287        295       
 287        288       
 287        289       
 288        289       
 288        291       
 289        293       
 289        290       
 290        299       
 290        291       
 291        292       
 292        311       
 292        298       
 293        294       
 294        296       
 294        300       
 295        303       
 295        297       
 296        297       
 296        298       
 296        302       
 297        298       
 297        305       
 298        317       
 298        299       
 298        300       
 299        306       
 300        310       
 300        301       
 300        311       
 301        303       
 301        311       
 302        307       
 303        304       
 304        306       
 304        305       
 305        319       
 306        317       
 307        312       
 307        309       
 308        309       
 309        356       
 309        311       
 309        331       
 310        315       
 311        313       
 311        312       
 312        318       
 312        313       
 313        314       
 313        315       
 314        315       
 314        322       
 315        320       
 315        316       
 316        318       
 316        323       
 316        319       
 316        330       
 317        331       
 318        325       
 318        319       
 320        323       
 320        321       
 322        323       
 322        324       
 322        334       
 323        325       
 323        324       
 325        326       
 325        328       
 326        327       
 326        329       
 327        328       
 327        337       
 329        330       
 329        332       
 329        338       
 330        336       
 331        332       
 331        333       
 332        333       
 333        341       
 334        335       
 334        337       
 335        337       
 335        336       
 336        337       
 336        338       
 337        340       
 337        341       
 338        344       
 338        339       
 339        343       
 339        344       
 339        341       
 339        340       
 340        346       
 340        341       
 340        347       
 341        352       
 341        342       
 342        354       
 342        352       
 342        343       
 343        344       
 344        349       
 344        345       
 345        359       
 345        346       
 345        348       
 346        347       
 347        350       
 348        349       
 348        357       
 348        350       
 349        357       
 350        354       
 350        351       
 350        358       
 351        352       
 351        354       
 352        353       
 353        356       
 353        433       
 354        355       
 354        367       
 354        358       
 354        366       
 355        359       
 356        725       
 356        357       
 356        360       
 357        363       
 358        359       
 358        363       
 359        360       
 359        361       
 360        362       
 360        368       
 361        366       
 361        362       
 362        370       
 362        364       
 363        364       
 363        366       
 363        365       
 364        365       
 365        374       
 365        369       
 365        366       
 366        367       
 367        433       
 367        375       
 368        376       
 369        372       
 369        370       
 370        373       
 370        372       
 370        371       
 370        379       
 371        372       
 371        382       
 372        376       
 372        377       
 373        374       
 373        377       
 374        375       
 375        462       
 376        377       
 376        382       
 377        378       
 378        381       
 378        379       
 379        380       
 380        383       
 381        387       
 382        412       
 382        383       
 383        386       
 383        385       
 384        385       
 385        386       
 385        388       
 386        387       
 386        388       
 387        397       
 387        390       
 387        389       
 388        389       
 388        391       
 389        392       
 390        391       
 390        420       
 390        396       
 391        392       
 392        395       
 392        394       
 393        413       
 393        395       
 393        420       
 393        396       
 394        396       
 394        402       
 395        396       
 397        410       
 398        399       
 399        401       
 400        401       
 401        403       
 401        402       
 402        406       
 403        405       
 404        405       
 405        406       
 405        409       
 406        411       
 406        407       
 407        409       
 408        409       
 409        410       
 410        413       
 410        412       
 410        439       
 411        414       
 411        417       
 411        412       
 413        414       
 414        417       
 414        415       
 415        419       
 415        416       
 416        417       
 417        422       
 417        418       
 418        435       
 418        419       
 418        421       
 419        420       
 419        423       
 420        438       
 421        423       
 421        451       
 421        422       
 422        423       
 422        424       
 422        425       
 422        426       
 423        424       
 424        425       
 424        426       
 425        428       
 425        426       
 426        427       
 426        430       
 427        428       
 427        432       
 427        431       
 428        431       
 428        429       
 429        430       
 430        448       
 430        431       
 431        440       
 431        436       
 432        436       
 433        456       
 433        462       
 434        435       
 434        439       
 435        455       
 435        463       
 436        440       
 436        437       
 437        441       
 437        438       
 437        459       
 438        439       
 438        456       
 439        443       
 439        440       
 440        445       
 441        446       
 441        442       
 442        443       
 443        444       
 443        446       
 444        445       
 444        448       
 445        446       
 446        449       
 446        447       
 447        454       
 448        454       
 448        452       
 448        449       
 449        453       
 450        451       
 450        465       
 450        453       
 450        460       
 451        456       
 451        452       
 451        464       
 452        453       
 452        454       
 454        467       
 454        455       
 455        458       
 456        457       
 457        529       
 457        703       
 457        458       
 458        460       
 458        459       
 459        482       
 459        464       
 459        460       
 459        675       
 460        462       
 460        463       
 460        461       
 461        469       
 462        463       
 462        684       
 464        470       
 464        472       
 464        466       
 464        465       
 465        480       
 465        468       
 466        467       
 467        471       
 467        468       
 467        469       
 468        470       
 469        470       
 470        473       
 470        472       
 471        474       
 472        476       
 472        473       
 473        474       
 473        482       
 474        475       
 474        478       
 475        478       
 476        477       
 476        479       
 477        483       
 477        486       
 477        480       
 478        479       
 479        487       
 479        480       
 480        481       
 481        487       
 482        485       
 482        483       
 483        484       
 484        485       
 484        488       
 484        516       
 484        490       
 485        486       
 485        504       
 485        489       
 486        489       
 486        492       
 486        487       
 486        491       
 487        490       
 488        493       
 489        511       
 490        510       
 490        495       
 491        494       
 492        495       
 492        493       
 492        506       
 493        499       
 494        496       
 494        498       
 495        497       
 496        522       
 496        497       
 496        498       
 497        499       
 497        527       
 497        498       
 498        499       
 499        501       
 500        507       
 501        679       
 501        504       
 501        511       
 502        505       
 503        505       
 504        616       
 505        508       
 505        506       
 506        507       
 507        510       
 507        509       
 508        509       
 509        513       
 509        516       
 510        520       
 510        512       
 510        525       
 510        522       
 511        518       
 511        514       
 512        513       
 512        514       
 513        518       
 513        514       
 514        532       
 514        521       
 514        515       
 515        517       
 515        524       
 515        516       
 515        601       
 515        518       
 516        519       
 516        523       
 517        518       
 518        519       
 518        523       
 519        551       
 520        521       
 520        526       
 522        527       
 523        525       
 524        528       
 525        562       
 525        531       
 526        531       
 527        549       
 528        723       
 528        529       
 528        530       
 529        530       
 530        531       
 531        553       
 531        532       
 532        533       
 533        551       
 533        534       
 534        535       
 535        536       
 535        538       
 536        537       
 537        540       
 537        538       
 537        549       
 538        539       
 539        540       
 539        541       
 540        542       
 540        541       
 541        542       
 542        545       
 542        543       
 542        544       
 543        545       
 544        548       
 544        546       
 545        546       
 546        547       
 547        548       
 547        585       
 548        549       
 549        559       
 549        551       
 549        603       
 550        571       
 550        551       
 550        633       
 551        609       
 551        554       
 552        612       
 552        553       
 553        607       
 553        554       
 553        563       
 554        595       
 555        556       
 555        561       
 556        557       
 557        568       
 558        562       
 558        563       
 558        559       
 559        626       
 559        561       
 559        560       
 560        566       
 561        565       
 562        563       
 562        607       
 562        597       
 564        569       
 564        568       
 564        570       
 564        565       
 564        566       
 565        576       
 566        567       
 567        570       
 568        569       
 569        573       
 570        571       
 570        572       
 570        576       
 571        602       
 571        594       
 571        577       
 572        574       
 573        586       
 574        581       
 574        578       
 574        583       
 574        576       
 575        576       
 575        580       
 576        582       
 577        580       
 577        598       
 577        578       
 578        581       
 578        579       
 579        580       
 580        585       
 581        591       
 582        583       
 582        584       
 583        594       
 583        584       
 583        596       
 584        585       
 584        587       
 585        586       
 585        589       
 586        587       
 586        589       
 587        624       
 587        592       
 587        588       
 588        596       
 589        590       
 590        612       
 590        596       
 591        599       
 591        595       
 592        593       
 592        597       
 592        594       
 593        612       
 593        606       
 593        594       
 594        595       
 595        596       
 596        604       
 596        597       
 596        614       
 597        599       
 598        600       
 599        623       
 599        607       
 599        600       
 600        608       
 600        604       
 601        614       
 601        615       
 601        602       
 602        606       
 602        622       
 602        603       
 603        609       
 603        604       
 604        617       
 604        620       
 605        607       
 605        606       
 605        641       
 607        679       
 608        615       
 608        629       
 608        609       
 609        610       
 610        612       
 610        627       
 610        611       
 611        612       
 611        622       
 612        630       
 612        613       
 613        619       
 613        614       
 614        681       
 614        655       
 614        615       
 615        616       
 616        621       
 617        634       
 617        618       
 618        619       
 619        621       
 620        625       
 620        621       
 621        638       
 621        623       
 622        623       
 622        637       
 623        628       
 623        625       
 624        625       
 624        670       
 625        629       
 625        648       
 626        633       
 626        636       
 626        628       
 627        636       
 627        628       
 628        633       
 629        630       
 630        631       
 630        645       
 630        632       
 631        635       
 631        634       
 631        632       
 632        673       
 632        633       
 633        640       
 633        634       
 634        641       
 634        656       
 634        643       
 635        648       
 636        638       
 636        642       
 636        637       
 637        640       
 637        662       
 638        646       
 638        639       
 638        675       
 639        640       
 639        654       
 639        641       
 640        644       
 641        647       
 641        642       
 642        649       
 642        644       
 643        646       
 644        662       
 645        650       
 645        646       
 645        657       
 646        659       
 646        647       
 647        652       
 647        649       
 647        648       
 648        652       
 648        650       
 649        650       
 649        651       
 649        652       
 650        668       
 651        652       
 651        659       
 652        653       
 653        656       
 653        660       
 653        654       
 654        661       
 654        663       
 654        656       
 654        655       
 655        683       
 656        657       
 657        658       
 657        660       
 658        665       
 658        659       
 659        660       
 659        664       
 660        661       
 661        664       
 662        669       
 663        671       
 664        666       
 664        667       
 665        667       
 666        671       
 666        667       
 667        670       
 668        669       
 669        683       
 669        693       
 669        670       
 670        671       
 670        672       
 671        691       
 671        688       
 672        673       
 672        675       
 672        690       
 673        699       
 673        685       
 673        674       
 674        686       
 674        675       
 675        678       
 676        773       
 676        677       
 676        678       
 677        681       
 677        707       
 678        679       
 678        682       
 679        680       
 680        681       
 680        694       
 680        684       
 681        686       
 681        709       
 681        682       
 682        695       
 682        683       
 683        694       
 683        684       
 684        686       
 685        695       
 686        701       
 686        690       
 686        697       
 686        687       
 687        688       
 688        689       
 689        697       
 689        692       
 689        690       
 690        697       
 690        694       
 690        692       
 691        692       
 691        712       
 692        697       
 692        693       
 693        699       
 693        694       
 694        696       
 694        698       
 695        698       
 696        714       
 697        708       
 697        710       
 698        706       
 698        699       
 699        706       
 699        727       
 699        700       
 700        704       
 701        702       
 701        708       
 702        801       
 702        703       
 703        780       
 704        706       
 704        720       
 705        706       
 705        707       
 707        719       
 707        722       
 707        714       
 708        715       
 708        710       
 708        709       
 709        759       
 710        711       
 711        737       
 711        718       
 711        713       
 712        713       
 713        718       
 713        716       
 714        722       
 715        717       
 716        720       
 717        732       
 717        735       
 717        740       
 717        719       
 717        718       
 718        719       
 719        739       
 719        740       
 719        729       
 719        720       
 720        744       
 720        726       
 721        722       
 721        745       
 721        723       
 722        745       
 723        725       
 723        734       
 724        1188      
 724        802       
 724        725       
 726        747       
 726        740       
 727        736       
 727        728       
 727        755       
 727        729       
 728        733       
 728        729       
 729        748       
 729        738       
 730        732       
 730        731       
 730        749       
 731        734       
 731        736       
 731        735       
 732        735       
 732        733       
 734        736       
 734        735       
 735        744       
 736        737       
 736        740       
 736        741       
 737        749       
 738        758       
 738        747       
 739        741       
 739        754       
 739        740       
 740        747       
 740        741       
 741        771       
 741        770       
 741        755       
 741        742       
 742        752       
 742        745       
 742        743       
 743        761       
 743        748       
 743        750       
 743        744       
 745        746       
 746        750       
 746        751       
 747        753       
 748        756       
 749        785       
 749        768       
 749        750       
 749        752       
 750        752       
 750        751       
 751        767       
 751        754       
 752        753       
 752        775       
 753        754       
 753        771       
 754        755       
 755        757       
 755        760       
 755        756       
 756        765       
 756        764       
 756        766       
 757        812       
 758        762       
 758        759       
 759        775       
 759        780       
 759        760       
 760        769       
 760        766       
 760        805       
 761        764       
 761        763       
 761        774       
 761        762       
 762        784       
 762        765       
 762        763       
 763        778       
 763        764       
 764        772       
 764        767       
 765        767       
 765        772       
 765        782       
 765        766       
 766        781       
 766        769       
 767        769       
 768        788       
 768        769       
 768        810       
 769        770       
 770        776       
 770        771       
 771        773       
 771        772       
 772        785       
 772        779       
 772        778       
 773        830       
 773        809       
 773        805       
 774        776       
 774        824       
 774        775       
 775        791       
 775        785       
 776        783       
 776        777       
 777        778       
 778        786       
 778        780       
 778        814       
 779        836       
 779        780       
 779        781       
 780        862       
 781        789       
 781        783       
 781        782       
 782        783       
 783        786       
 783        784       
 784        788       
 784        785       
 785        850       
 786        790       
 786        797       
 786        787       
 787        788       
 788        792       
 788        795       
 788        789       
 789        794       
 789        791       
 789        803       
 789        790       
 790        799       
 790        791       
 791        792       
 792        793       
 792        816       
 792        796       
 793        796       
 793        794       
 794        800       
 794        795       
 795        823       
 795        796       
 796        799       
 796        797       
 797        798       
 798        803       
 799        807       
 799        800       
 799        801       
 800        801       
 800        804       
 801        802       
 802        928       
 803        818       
 803        804       
 803        820       
 804        806       
 805        808       
 806        814       
 806        811       
 807        814       
 807        811       
 808        816       
 808        839       
 808        818       
 808        809       
 809        818       
 809        810       
 809        812       
 810        817       
 811        813       
 811        819       
 811        812       
 812        826       
 812        815       
 813        814       
 813        815       
 814        815       
 815        816       
 816        837       
 816        817       
 817        821       
 817        818       
 817        831       
 817        830       
 818        838       
 818        825       
 818        819       
 819        856       
 819        820       
 820        821       
 820        822       
 821        822       
 822        824       
 822        831       
 823        825       
 823        826       
 823        845       
 824        836       
 824        829       
 825        843       
 825        826       
 825        829       
 826        840       
 826        830       
 826        827       
 827        850       
 827        829       
 827        855       
 828        844       
 828        830       
 828        832       
 829        851       
 829        830       
 830        840       
 831        852       
 831        835       
 831        832       
 832        833       
 833        838       
 833        835       
 834        838       
 834        835       
 835        849       
 835        836       
 836        859       
 836        841       
 836        837       
 837        861       
 837        838       
 837        841       
 838        842       
 838        839       
 839        841       
 839        842       
 840        853       
 841        873       
 841        846       
 842        846       
 842        843       
 843        854       
 843        845       
 843        847       
 844        845       
 844        856       
 845        848       
 846        867       
 846        885       
 846        883       
 847        854       
 847        855       
 847        848       
 848        864       
 848        849       
 849        857       
 849        850       
 849        852       
 850        868       
 850        851       
 851        852       
 851        870       
 851        854       
 851        858       
 852        859       
 852        853       
 853        863       
 853        874       
 853        855       
 854        882       
 855        856       
 856        857       
 857        893       
 857        858       
 857        875       
 858        888       
 858        859       
 859        874       
 859        860       
 860        861       
 860        862       
 861        917       
 861        863       
 862        875       
 862        863       
 863        867       
 863        864       
 864        866       
 864        865       
 865        900       
 865        866       
 865        878       
 866        882       
 866        867       
 867        873       
 868        907       
 869        901       
 869        870       
 870        871       
 870        877       
 871        879       
 871        890       
 871        872       
 872        873       
 872        875       
 873        874       
 873        885       
 874        920       
 874        876       
 875        906       
 875        901       
 876        895       
 876        880       
 876        877       
 878        890       
 878        881       
 879        893       
 879        882       
 879        880       
 880        898       
 880        881       
 881        883       
 881        898       
 881        882       
 883        884       
 883        899       
 884        916       
 884        887       
 884        885       
 885        889       
 885        886       
 886        893       
 886        888       
 886        902       
 887        894       
 887        888       
 888        889       
 888        891       
 889        902       
 889        891       
 890        903       
 890        891       
 891        909       
 891        901       
 891        896       
 891        892       
 892        907       
 892        893       
 893        894       
 894        902       
 895        896       
 896        904       
 897        898       
 897        903       
 898        899       
 899        900       
 900        916       
 900        901       
 901        905       
 901        902       
 901        904       
 902        922       
 902        903       
 903        909       
 903        939       
 903        906       
 904        912       
 905        913       
 905        906       
 905        948       
 905        909       
 906        908       
 906        907       
 907        910       
 907        918       
 908        910       
 908        921       
 908        909       
 909        955       
 910        926       
 910        924       
 910        911       
 911        925       
 911        912       
 913        914       
 914        928       
 914        915       
 914        935       
 915        932       
 915        918       
 916        942       
 916        920       
 916        923       
 917        1036      
 917        919       
 918        927       
 919        955       
 919        941       
 919        920       
 919        1118      
 919        928       
 920        929       
 921        926       
 921        922       
 922        936       
 922        923       
 923        930       
 923        936       
 923        935       
 923        924       
 924        925       
 924        945       
 924        927       
 925        959       
 926        947       
 926        934       
 926        928       
 927        943       
 927        929       
 929        933       
 929        984       
 929        930       
 930        940       
 931        933       
 931        932       
 932        939       
 932        933       
 933        939       
 934        949       
 934        952       
 934        935       
 935        937       
 936        938       
 936        937       
 937        950       
 937        945       
 938        942       
 938        951       
 938        943       
 938        939       
 939        940       
 940        964       
 940        943       
 941        942       
 941        953       
 942        946       
 942        982       
 943        945       
 943        957       
 943        944       
 944        968       
 944        945       
 944        946       
 945        950       
 945        946       
 946        975       
 946        951       
 946        948       
 947        966       
 947        948       
 948        949       
 949        954       
 950        978       
 951        956       
 951        952       
 952        966       
 952        957       
 953        954       
 953        967       
 954        1019      
 954        955       
 955        956       
 956        961       
 956        960       
 957        962       
 957        958       
 959        960       
 960        961       
 960        974       
 960        963       
 961        975       
 962        965       
 962        971       
 964        986       
 965        973       
 965        967       
 966        981       
 967        969       
 968        991       
 968        970       
 968        969       
 969        971       
 970        971       
 971        972       
 972        988       
 972        974       
 972        973       
 973        1016      
 973        974       
 974        998       
 975        977       
 975        976       
 976        1004      
 977        981       
 977        979       
 977        978       
 977        980       
 978        979       
 979        986       
 979        1025      
 980        1007      
 980        983       
 980        981       
 981        1015      
 982        983       
 982        984       
 982        987       
 983        995       
 983        984       
 984        985       
 985        998       
 985        1008      
 985        994       
 985        986       
 986        987       
 987        993       
 987        988       
 988        1004      
 988        989       
 988        999       
 989        990       
 989        1002      
 989        991       
 990        1001      
 992        1011      
 992        993       
 993        1020      
 994        996       
 995        997       
 995        999       
 995        1007      
 996        999       
 997        1000      
 998        1006      
 998        1000      
 999        1000      
 1000       1055      
 1000       1011      
 1000       1016      
 1001       1002      
 1001       1004      
 1002       1021      
 1002       1005      
 1003       1012      
 1003       1004      
 1004       1005      
 1004       1010      
 1005       1017      
 1005       1014      
 1005       1006      
 1006       1024      
 1006       1008      
 1007       1012      
 1007       1010      
 1008       1011      
 1008       1009      
 1009       1015      
 1009       1010      
 1010       1013      
 1011       1058      
 1012       1018      
 1012       1053      
 1012       1013      
 1012       1016      
 1013       1028      
 1013       1015      
 1014       1015      
 1014       1047      
 1015       1048      
 1015       1017      
 1016       1018      
 1017       1019      
 1017       1023      
 1017       1018      
 1018       1022      
 1018       1030      
 1018       1019      
 1019       1020      
 1019       1031      
 1020       1021      
 1021       1026      
 1021       1029      
 1021       1023      
 1021       1022      
 1022       1025      
 1023       1034      
 1023       1025      
 1024       1026      
 1024       1025      
 1024       1038      
 1025       1033      
 1025       1027      
 1026       1044      
 1026       1027      
 1027       1031      
 1027       1028      
 1028       1034      
 1028       1035      
 1029       1055      
 1029       1030      
 1029       1061      
 1030       1034      
 1030       1031      
 1031       1039      
 1031       1032      
 1031       1068      
 1032       1060      
 1032       1033      
 1032       1034      
 1032       1036      
 1033       1040      
 1033       1034      
 1034       1040      
 1035       1039      
 1035       1041      
 1035       1118      
 1035       1036      
 1036       1041      
 1036       1045      
 1036       1037      
 1037       1038      
 1039       1084      
 1040       1041      
 1040       1048      
 1040       1042      
 1041       1043      
 1041       1161      
 1042       1059      
 1042       1043      
 1042       1048      
 1042       1046      
 1043       1049      
 1043       1058      
 1043       1044      
 1044       1046      
 1044       1045      
 1045       1064      
 1045       1082      
 1046       1051      
 1046       1061      
 1046       1047      
 1047       1052      
 1047       1048      
 1048       1050      
 1049       1067      
 1049       1056      
 1050       1113      
 1050       1064      
 1050       1051      
 1050       1066      
 1051       1052      
 1051       1053      
 1052       1090      
 1052       1076      
 1052       1057      
 1053       1056      
 1053       1054      
 1053       1058      
 1054       1055      
 1054       1057      
 1055       1058      
 1055       1106      
 1055       1071      
 1056       1057      
 1056       1059      
 1056       1064      
 1057       1070      
 1059       1063      
 1059       1060      
 1059       1062      
 1060       1075      
 1060       1078      
 1060       1061      
 1061       1062      
 1062       1063      
 1062       1093      
 1062       1075      
 1063       1072      
 1063       1064      
 1064       1065      
 1065       1067      
 1065       1070      
 1065       1066      
 1066       1067      
 1067       1072      
 1067       1081      
 1068       1069      
 1069       1090      
 1069       1070      
 1069       1132      
 1070       1071      
 1070       1076      
 1071       1082      
 1072       1079      
 1072       1089      
 1073       1086      
 1073       1074      
 1073       1078      
 1074       1078      
 1074       1076      
 1074       1081      
 1075       1088      
 1075       1077      
 1076       1077      
 1076       1085      
 1077       1100      
 1078       1080      
 1079       1086      
 1079       1080      
 1080       1087      
 1080       1092      
 1080       1081      
 1081       1090      
 1081       1084      
 1081       1083      
 1082       1091      
 1082       1083      
 1082       1087      
 1083       1094      
 1083       1085      
 1084       1090      
 1084       1091      
 1084       1085      
 1085       1113      
 1086       1101      
 1087       1095      
 1088       1102      
 1088       1093      
 1089       1126      
 1089       1090      
 1090       1111      
 1090       1091      
 1091       1111      
 1091       1092      
 1092       1093      
 1093       1095      
 1093       1108      
 1094       1099      
 1095       1098      
 1095       1096      
 1096       1097      
 1096       1108      
 1097       1099      
 1098       1101      
 1099       1105      
 1100       1103      
 1100       1109      
 1101       1105      
 1101       1103      
 1102       1109      
 1103       1107      
 1104       1122      
 1104       1106      
 1104       1116      
 1104       1105      
 1105       1111      
 1106       1121      
 1106       1107      
 1106       1108      
 1107       1108      
 1107       1110      
 1108       1114      
 1109       1121      
 1110       1112      
 1111       1134      
 1111       1144      
 1112       1117      
 1112       1113      
 1113       1116      
 1113       1114      
 1114       1141      
 1114       1136      
 1114       1115      
 1115       1116      
 1116       1117      
 1117       1123      
 1117       1118      
 1118       1120      
 1118       1119      
 1119       1185      
 1119       1120      
 1119       1121      
 1120       1123      
 1120       1122      
 1120       1121      
 1121       1124      
 1121       1126      
 1122       1136      
 1122       1127      
 1123       1125      
 1124       1128      
 1125       1129      
 1125       1127      
 1126       1131      
 1126       1149      
 1127       1129      
 1127       1130      
 1127       1133      
 1128       1146      
 1128       1134      
 1128       1129      
 1129       1131      
 1130       1164      
 1130       1132      
 1130       1131      
 1131       1153      
 1131       1132      
 1132       1154      
 1133       1135      
 1133       1134      
 1134       1137      
 1134       1141      
 1135       1142      
 1136       1138      
 1136       1137      
 1137       1139      
 1137       1138      
 1138       1140      
 1138       1148      
 1139       1144      
 1139       1143      
 1139       1145      
 1139       1140      
 1140       1144      
 1140       1141      
 1140       1145      
 1141       1147      
 1142       1148      
 1142       1144      
 1142       1143      
 1143       1152      
 1143       1144      
 1144       1145      
 1144       1147      
 1145       1150      
 1146       1148      
 1147       1152      
 1147       1151      
 1147       1161      
 1147       1148      
 1148       1154      
 1148       1159      
 1149       1150      
 1149       1157      
 1150       1156      
 1150       1166      
 1150       1152      
 1151       1153      
 1151       1152      
 1152       1159      
 1152       1153      
 1153       1154      
 1153       1155      
 1154       1173      
 1155       1156      
 1155       1171      
 1157       1158      
 1158       1159      
 1158       1170      
 1159       1160      
 1160       1163      
 1161       1164      
 1161       1162      
 1162       1163      
 1162       1166      
 1162       1169      
 1163       1168      
 1164       1165      
 1164       1193      
 1165       1167      
 1165       1186      
 1165       1166      
 1166       1167      
 1167       1176      
 1167       1169      
 1168       1180      
 1168       1169      
 1169       1170      
 1169       1187      
 1170       1197      
 1171       1176      
 1171       1175      
 1172       1174      
 1172       1178      
 1172       1173      
 1173       1174      
 1174       1178      
 1175       1176      
 1176       1177      
 1176       1179      
 1176       1181      
 1177       1181      
 1177       1179      
 1177       1189      
 1177       1178      
 1178       1184      
 1179       1197      
 1180       1181      
 1180       1184      
 1181       1182      
 1182       1199      
 1182       1198      
 1182       1183      
 1182       1186      
 1183       1218      
 1183       1190      
 1183       1184      
 1184       1205      
 1184       1186      
 1185       1212      
 1185       1188      
 1186       1188      
 1187       1207      
 1188       1199      
 1189       1193      
 1189       1190      
 1189       1191      
 1191       1211      
 1191       1192      
 1192       1194      
 1192       1193      
 1192       1195      
 1193       1194      
 1194       1214      
 1194       1195      
 1195       1204      
 1195       1196      
 1195       1200      
 1195       1197      
 1196       1201      
 1196       1198      
 1196       1197      
 1198       1200      
 1198       1199      
 1199       1200      
 1199       1201      
 1200       1203      
 1200       1219      
 1201       1206      
 1201       1232      
 1201       1203      
 1202       1203      
 1204       1217      
 1205       1209      
 1206       1216      
 1206       1207      
 1206       1208      
 1207       1210      
 1207       1208      
 1208       1212      
 1208       1209      
 1209       1211      
 1209       1236      
 1209       1210      
 1210       1213      
 1210       1211      
 1210       1240      
 1211       1235      
 1211       1218      
 1212       1213      
 1212       1214      
 1213       1214      
 1213       1227      
 1214       1227      
 1215       1220      
 1215       1216      
 1215       1223      
 1216       1217      
 1217       1220      
 1218       1228      
 1219       1230      
 1219       1233      
 1220       1238      
 1220       1222      
 1220       1221      
 1221       1226      
 1221       1225      
 1222       1225      
 1222       1223      
 1222       1224      
 1223       1225      
 1224       1243      
 1224       1225      
 1225       1230      
 1225       1226      
 1226       1228      
 1227       1268      
 1227       1229      
 1228       1229      
 1228       1245      
 1228       1236      
 1229       1231      
 1230       1231      
 1230       1234      
 1230       1232      
 1231       1236      
 1231       1239      
 1232       1234      
 1232       1233      
 1233       1264      
 1233       1234      
 1234       1283      
 1234       1244      
 1234       1235      
 1235       1237      
 1235       1240      
 1235       1236      
 1236       1237      
 1237       1247      
 1238       1254      
 1238       1242      
 1239       1242      
 1239       1240      
 1240       1262      
 1240       1241      
 1241       1262      
 1241       1242      
 1243       1249      
 1244       1246      
 1244       1256      
 1244       1245      
 1245       1298      
 1245       1250      
 1246       1261      
 1246       1247      
 1247       1251      
 1248       1252      
 1248       1249      
 1249       1252      
 1250       1251      
 1250       1298      
 1250       1259      
 1251       1256      
 1251       1252      
 1252       1253      
 1252       1255      
 1253       1270      
 1253       1254      
 1254       1303      
 1254       1256      
 1255       1256      
 1256       1257      
 1256       1264      
 1256       1258      
 1257       1258      
 1258       1259      
 1258       1260      
 1259       1260      
 1260       1267      
 1260       1280      
 1260       1261      
 1261       1266      
 1261       1276      
 1262       1266      
 1262       1263      
 1263       1265      
 1263       1269      
 1264       1265      
 1265       1272      
 1265       1284      
 1265       1286      
 1266       1267      
 1267       1268      
 1267       1269      
 1268       1269      
 1268       1270      
 1269       1270      
 1270       1277      
 1270       1273      
 1271       1274      
 1271       1272      
 1272       1273      
 1273       1275      
 1273       1274      
 1274       1277      
 1274       1276      
 1275       1276      
 1275       1279      
 1276       1304      
 1276       1282      
 1277       1278      
 1277       1280      
 1278       1286      
 1278       1280      
 1278       1284      
 1279       1280      
 1280       1281      
 1281       1282      
 1282       1287      
 1282       1283      
 1283       1284      
 1283       1299      
 1284       1285      
 1287       1290      
 1287       1289      
 1287       1288      
 1288       1294      
 1289       1291      
 1290       1292      
 1291       1296      
 1291       1292      
 1292       1296      
 1292       1293      
 1293       1295      
 1293       1294      
 1294       1295      
 1295       1297      
 1295       1301      
 1295       1296      
 1296       1300      
 1297       1310      
 1297       1301      
 1298       1308      
 1298       1299      
 1299       1310      
 1299       1308      
 1299       1300      
 1300       1301      
 1300       1304      
 1301       1302      
 1301       1303      
 1301       1304      
 1302       1314      
 1302       1305      
 1303       1304      
 1303       1309      
 1305       1306      
 1306       1314      
 1306       1307      
 1307       1309      
 1307       1310      
 1307       1308      
 1308       1309      
 1308       1311      
 1310       1312      
 1310       1313      
 1310       1311      
 1312       1314      
 1312       1313      
 1313       1315      
 1315       1316      
 1316       1317      
 1316       1318      
 1317       1318      
 1318       1319      
