 # i        j         
 0          164       
 0          160       
 0          9         
 0          3         
 0          163       
 0          6         
 0          1         
 1          164       
 1          2         
 1          163       
 1          3         
 2          164       
 2          3         
 2          7         
 2          4         
 2          6         
 3          6         
 3          163       
 3          4         
 4          6         
 4          160       
 4          5         
 4          7         
 4          162       
 5          6         
 5          7         
 6          12        
 6          157       
 6          158       
 6          8         
 6          9         
 6          160       
 6          7         
 7          8         
 7          9         
 7          163       
 8          9         
 8          11        
 8          10        
 9          12        
 9          11        
 9          10        
 9          157       
 9          153       
 9          38        
 9          148       
 10         11        
 10         12        
 10         13        
 11         12        
 11         13        
 11         160       
 11         15        
 11         16        
 12         14        
 12         28        
 12         13        
 13         14        
 13         15        
 14         15        
 15         17        
 15         20        
 15         16        
 16         18        
 16         17        
 16         19        
 17         20        
 17         18        
 18         21        
 18         22        
 18         19        
 18         20        
 19         22        
 19         20        
 19         28        
 19         26        
 19         32        
 20         24        
 20         32        
 20         22        
 20         21        
 20         23        
 21         22        
 21         27        
 21         23        
 21         24        
 21         26        
 22         23        
 22         24        
 22         28        
 23         24        
 24         25        
 24         27        
 25         27        
 25         26        
 26         28        
 26         27        
 27         28        
 27         31        
 28         29        
 28         30        
 28         36        
 28         31        
 28         32        
 29         31        
 29         30        
 29         33        
 30         31        
 30         33        
 31         32        
 31         35        
 31         34        
 31         33        
 31         36        
 32         33        
 32         34        
 33         34        
 34         35        
 34         36        
 35         36        
 35         37        
 36         37        
 36         38        
 37         38        
 37         39        
 38         39        
 38         44        
 38         41        
 39         40        
 39         41        
 40         41        
 40         42        
 41         42        
 42         43        
 42         44        
 43         44        
 44         54        
 44         45        
 44         90        
 45         46        
 45         54        
 46         47        
 46         57        
 47         48        
 47         51        
 48         49        
 48         52        
 49         51        
 49         52        
 49         50        
 50         51        
 51         54        
 51         52        
 52         54        
 52         56        
 52         53        
 53         54        
 53         56        
 53         55        
 54         57        
 54         56        
 54         55        
 55         56        
 56         58        
 56         57        
 57         66        
 57         87        
 57         60        
 57         58        
 57         84        
 57         85        
 58         59        
 58         60        
 59         60        
 60         61        
 60         64        
 60         63        
 61         63        
 61         62        
 62         65        
 62         63        
 62         84        
 63         77        
 63         64        
 63         65        
 64         66        
 64         65        
 64         75        
 64         68        
 65         66        
 65         70        
 65         68        
 66         90        
 66         69        
 66         68        
 66         67        
 67         68        
 68         73        
 68         69        
 68         75        
 68         71        
 68         79        
 68         76        
 69         76        
 69         75        
 69         70        
 69         74        
 69         71        
 69         78        
 70         75        
 70         74        
 70         71        
 70         72        
 71         72        
 71         75        
 71         74        
 71         73        
 72         74        
 72         73        
 73         78        
 73         74        
 73         76        
 74         76        
 74         75        
 74         77        
 75         76        
 75         77        
 75         80        
 75         84        
 76         78        
 76         77        
 76         85        
 76         81        
 77         79        
 77         78        
 78         83        
 78         81        
 78         79        
 78         80        
 79         84        
 79         80        
 79         82        
 79         81        
 80         81        
 80         82        
 81         83        
 81         82        
 81         85        
 82         83        
 83         85        
 83         86        
 83         84        
 84         86        
 84         87        
 84         85        
 84         96        
 84         88        
 85         86        
 85         88        
 85         87        
 86         87        
 86         89        
 87         89        
 87         88        
 87         90        
 87         100       
 87         97        
 88         90        
 88         89        
 88         94        
 88         92        
 89         90        
 89         91        
 89         92        
 90         93        
 90         91        
 90         148       
 90         100       
 90         92        
 90         94        
 91         93        
 91         92        
 92         93        
 92         94        
 92         96        
 92         95        
 93         94        
 93         98        
 93         96        
 93         95        
 94         96        
 94         95        
 94         101       
 94         97        
 95         96        
 95         100       
 95         98        
 95         97        
 96         98        
 96         101       
 96         97        
 96         103       
 96         100       
 97         98        
 97         101       
 97         104       
 97         107       
 98         106       
 98         99        
 98         100       
 99         102       
 99         100       
 100        116       
 100        102       
 100        101       
 101        102       
 101        104       
 101        103       
 102        104       
 102        103       
 102        107       
 102        105       
 103        104       
 103        105       
 103        106       
 104        106       
 104        107       
 104        105       
 105        106       
 105        109       
 105        107       
 105        108       
 105        110       
 106        108       
 106        107       
 106        109       
 106        110       
 107        111       
 107        109       
 107        114       
 107        108       
 108        112       
 108        109       
 108        110       
 108        113       
 108        111       
 109        110       
 109        115       
 109        113       
 109        112       
 109        111       
 110        112       
 110        114       
 110        111       
 111        112       
 111        113       
 112        113       
 112        114       
 112        115       
 112        117       
 113        114       
 113        118       
 113        115       
 113        119       
 114        116       
 114        117       
 114        115       
 114        129       
 114        119       
 114        139       
 115        116       
 115        117       
 115        118       
 115        119       
 116        123       
 116        117       
 116        118       
 116        119       
 117        118       
 117        120       
 117        119       
 117        122       
 118        121       
 118        120       
 118        119       
 118        122       
 119        120       
 119        127       
 120        121       
 120        123       
 120        122       
 121        123       
 121        127       
 121        124       
 121        122       
 122        125       
 122        123       
 122        128       
 122        126       
 122        124       
 123        124       
 123        126       
 123        125       
 124        126       
 124        127       
 124        125       
 125        131       
 125        126       
 125        127       
 125        128       
 126        132       
 126        127       
 126        131       
 126        128       
 126        130       
 127        128       
 127        129       
 128        129       
 128        130       
 128        131       
 128        132       
 128        133       
 129        132       
 129        130       
 129        139       
 129        135       
 130        131       
 130        145       
 130        132       
 130        133       
 130        135       
 131        133       
 131        132       
 131        139       
 131        136       
 131        134       
 131        138       
 132        133       
 132        134       
 132        136       
 133        134       
 133        135       
 133        136       
 133        141       
 134        136       
 134        135       
 134        137       
 135        136       
 135        139       
 135        137       
 136        137       
 136        140       
 136        138       
 137        138       
 138        140       
 138        139       
 138        141       
 138        143       
 139        142       
 139        140       
 139        148       
 140        142       
 140        141       
 140        143       
 141        143       
 141        145       
 141        144       
 141        142       
 142        143       
 142        144       
 143        144       
 143        145       
 144        146       
 144        145       
 145        146       
 145        149       
 145        148       
 145        147       
 146        147       
 146        148       
 146        149       
 147        148       
 147        149       
 147        152       
 148        150       
 148        151       
 148        149       
 149        151       
 149        150       
 150        152       
 150        154       
 150        151       
 151        154       
 151        155       
 151        152       
 151        153       
 152        153       
 152        154       
 153        155       
 153        158       
 153        154       
 154        158       
 154        160       
 154        155       
 154        156       
 155        157       
 155        156       
 155        162       
 156        162       
 156        157       
 156        158       
 157        158       
 157        160       
 157        159       
 158        159       
 158        160       
 159        163       
 159        160       
 160        162       
 160        161       
 161        162       
 162        163       
 162        164       
 163        164       
