 # i        kappa            theta           
 0          61.30935124      0.004743297245  
 1          45.80689809      0.01415389644   
 2          70.17047648      0.03137677212   
 3          68.40183986      0.05200177339   
 4          60.55751287      0.06929924968   
 5          65.42000533      0.09082424375   
 6          57.2541055       0.1094875303    
 7          55.38935027      0.1211327618    
 8          48.95832669      0.1317299702    
 9          67.31755391      0.1462061352    
 10         47.04161481      0.1610777452    
 11         37.59419967      0.1734942598    
 12         66.92892289      0.1848268129    
 13         68.79398342      0.2029473991    
 14         68.76448375      0.2265173589    
 15         56.70067407      0.2451605502    
 16         60.65506469      0.2618382468    
 17         62.18304884      0.2777607133    
 18         61.52671581      0.2946390213    
 19         62.84027664      0.318496425     
 20         63.01625861      0.331417775     
 21         57.66859248      0.3461169959    
 22         60.80209251      0.3596786421    
 23         76.31182202      0.3825916665    
 24         56.87488615      0.4098238383    
 25         52.46516581      0.4319794559    
 26         65.46554255      0.4503155198    
 27         65.45497488      0.4677328683    
 28         74.51266843      0.487981359     
 29         66.80681883      0.5085375875    
 30         61.70721149      0.530403086     
 31         62.08212598      0.5464558827    
 32         64.66581268      0.5724842259    
 33         45.14391273      0.5862799687    
 34         60.78345929      0.6010829463    
 35         45.41927644      0.6138150426    
 36         64.02600785      0.6291546663    
 37         51.73905683      0.6431006982    
 38         49.83199846      0.655320388     
 39         55.64983352      0.6745054735    
 40         55.21460049      0.6862321724    
 41         48.79137621      0.6972583651    
 42         57.79634481      0.7071264123    
 43         63.76206492      0.7229518176    
 44         39.95681505      0.7387586033    
 45         69.23430555      0.7538172904    
 46         60.15521563      0.7677786299    
 47         46.88869516      0.7798547988    
 48         59.45638428      0.7954454783    
 49         54.7106091       0.8129377988    
 50         53.03034254      0.8266360196    
 51         66.80741853      0.8413590263    
 52         61.66533197      0.8606886885    
 53         46.54238012      0.8756272384    
 54         63.07932189      0.8877015079    
 55         71.65368059      0.911075937     
 56         70.58334588      0.9305107522    
 57         50.0260842       0.9418335482    
 58         54.95806496      0.9527071335    
 59         57.52813295      0.9720620339    
 60         53.00124784      0.9884628123    
 61         53.18731864      1.001402285     
 62         47.56112901      1.017025165     
 63         62.84297599      1.030303183     
 64         52.69020807      1.041915463     
 65         59.4877153       1.059820531     
 66         59.92613222      1.081245051     
 67         54.55705937      1.097192037     
 68         49.04111615      1.11439736      
 69         49.52548088      1.123450705     
 70         64.14923853      1.145164903     
 71         49.51265904      1.169586856     
 72         53.93741216      1.178321984     
 73         60.29677744      1.205956293     
 74         71.06076729      1.230087477     
 75         60.88203242      1.247761072     
 76         63.1840266       1.26153357      
 77         70.24634351      1.279159485     
 78         71.08394883      1.305493637     
 79         61.92938961      1.325458502     
 80         62.28383238      1.34350173      
 81         69.72242888      1.373484427     
 82         80.05658566      1.40279334      
 83         72.24858048      1.433678634     
 84         83.29473786      1.47520412      
 85         88.92432669      1.547041409     
 86         83.51860763      1.573722554     
 87         65.5420425       1.614687772     
 88         86.16603209      1.649747392     
 89         71.72494342      1.677061693     
 90         64.29009617      1.713015103     
 91         76.14783474      1.728740877     
 92         58.58798276      1.760358199     
 93         81.8960676       1.793132205     
 94         56.3727005       1.818501877     
 95         65.69586693      1.837767129     
 96         64.67972607      1.858425854     
 97         63.06601285      1.878809929     
 98         60.91883413      1.895720389     
 99         52.10653031      1.908529382     
 100        46.74617495      1.921479348     
 101        47.09536854      1.936092469     
 102        51.78743003      1.950804835     
 103        56.84140311      1.965251546     
 104        46.9880081       1.981308068     
 105        67.0585979       1.998197045     
 106        60.19421302      2.015250326     
 107        42.2608177       2.02694082      
 108        58.10873716      2.036476286     
 109        56.26255263      2.050517833     
 110        47.98956297      2.067051114     
 111        46.48249497      2.078966207     
 112        58.33651051      2.094582528     
 113        55.03148563      2.106046427     
 114        68.58255857      2.129481019     
 115        66.69484632      2.152562143     
 116        55.53359905      2.165715414     
 117        54.33343717      2.17823389      
 118        58.96239421      2.200107206     
 119        60.46638074      2.221961045     
 120        55.54613972      2.24182093      
 121        59.91370244      2.261031372     
 122        55.19874441      2.271838733     
 123        58.87953616      2.286158386     
 124        67.43074204      2.305321836     
 125        34.18040322      2.325240793     
 126        59.40822689      2.337377778     
 127        56.59538361      2.352278558     
 128        54.7173549       2.368657443     
 129        56.68908299      2.379578416     
 130        47.20834425      2.391060049     
 131        47.78922127      2.40189563      
 132        56.08313349      2.414046391     
 133        59.3668336       2.435268954     
 134        63.42459472      2.451765809     
 135        64.88775695      2.473355097     
 136        58.63242299      2.489243802     
 137        57.86940746      2.516409243     
 138        42.16042685      2.526934562     
 139        44.27864168      2.535042558     
 140        64.70793095      2.546072545     
 141        47.76390275      2.558852844     
 142        66.34792977      2.57651127      
 143        48.91106439      2.596309036     
 144        59.88064946      2.610344954     
 145        69.1149275       2.632527768     
 146        65.78843307      2.656821978     
 147        51.30624432      2.672198363     
 148        45.34143383      2.68272339      
 149        58.44041159      2.695101883     
 150        65.15739554      2.712309743     
 151        65.19415752      2.72869809      
 152        58.11308729      2.744201365     
 153        71.75246633      2.767084638     
 154        47.32122011      2.782759448     
 155        63.85949545      2.795601211     
 156        60.1935112       2.809157627     
 157        59.58948749      2.82603408      
 158        62.50684798      2.846980038     
 159        65.99068438      2.870881677     
 160        54.51984065      2.884724547     
 161        63.51123283      2.907604527     
 162        63.79935887      2.925424807     
 163        78.68774505      2.941507904     
 164        60.87234458      2.959536956     
 165        62.46545106      2.9774967       
 166        69.38015114      3.000016293     
 167        64.3400692       3.017729738     
 168        59.82735776      3.033429007     
 169        66.19380743      3.049769221     
 170        69.60969392      3.076322855     
 171        64.52068964      3.103386877     
 172        62.07536875      3.120935948     
 173        75.52594119      3.135324288     
 174        83.31906298      3.163658278     
 175        55.00292194      3.195782314     
 176        74.85247106      3.216354929     
 177        89.26702086      3.263038745     
 178        68.66241451      3.287797771     
 179        78.37712809      3.318241491     
 180        64.83700675      3.341154755     
 181        69.47175729      3.362498914     
 182        61.0255707       3.38323923      
 183        49.39068011      3.401249691     
 184        80.77038027      3.419352209     
 185        95.485449        3.445341291     
 186        72.93986495      3.472581441     
 187        56.66796963      3.48957905      
 188        67.45257436      3.515188011     
 189        72.49125469      3.540264555     
 190        47.04776449      3.557460358     
 191        81.72582107      3.57400034      
 192        80.78812531      3.593156598     
 193        69.49684657      3.611900242     
 194        61.69876486      3.629222426     
 195        72.74614437      3.647154972     
 196        62.55420338      3.672095972     
 197        70.55023023      3.691287313     
 198        72.34161551      3.726968213     
 199        61.60853058      3.744154047     
 200        72.26515568      3.764233614     
 201        62.92137921      3.785731183     
 202        68.59123816      3.799777564     
 203        53.36434749      3.80934528      
 204        72.01713712      3.824388013     
 205        71.02542503      3.848871761     
 206        74.09025092      3.871626499     
 207        68.83929097      3.895016558     
 208        63.68829924      3.915297892     
 209        82.19950707      3.937644789     
 210        73.99972721      3.962569726     
 211        57.78346671      3.979172325     
 212        60.95973776      3.991432773     
 213        59.47935401      4.003317249     
 214        65.3449412       4.028084699     
 215        64.11572164      4.054087774     
 216        58.57938354      4.072043537     
 217        54.15994068      4.089825409     
 218        65.58762947      4.1054569       
 219        60.89476537      4.120863807     
 220        71.12677096      4.143729133     
 221        58.86699857      4.165130673     
 222        68.47867453      4.183538523     
 223        65.79571619      4.206537157     
 224        47.44793015      4.2269344       
 225        68.60405978      4.244326281     
 226        68.69703839      4.266943513     
 227        50.38288969      4.281740707     
 228        68.40007719      4.300962469     
 229        80.88547216      4.323315633     
 230        58.79614127      4.343034375     
 231        63.12125207      4.356414274     
 232        56.96094753      4.371877081     
 233        56.14128806      4.389643983     
 234        52.5803169       4.405009595     
 235        62.11862479      4.416215598     
 236        58.37993124      4.427473811     
 237        53.08662663      4.44222637      
 238        49.1090585       4.462445422     
 239        57.01780171      4.474926379     
 240        51.03110997      4.490411983     
 241        58.366705        4.50844158      
 242        61.45382287      4.529489484     
 243        50.79926941      4.546009208     
 244        55.09233648      4.558065897     
 245        61.58855517      4.57602356      
 246        57.16216388      4.598714712     
 247        63.09741222      4.616969228     
 248        54.22433306      4.638206597     
 249        53.35125935      4.654111652     
 250        58.7703897       4.665304016     
 251        54.85339817      4.681290501     
 252        49.60718063      4.695114216     
 253        64.2845159       4.709463253     
 254        59.76516924      4.725728419     
 255        56.49603028      4.74283108      
 256        50.50742913      4.757372864     
 257        69.5760164       4.779791743     
 258        66.84840221      4.800847535     
 259        53.81869675      4.817127524     
 260        61.90841666      4.834463404     
 261        53.45406034      4.848659866     
 262        58.14905999      4.8646179       
 263        59.75440605      4.876474406     
 264        59.77591409      4.886182971     
 265        58.98345955      4.903895703     
 266        63.70810572      4.920363193     
 267        55.29284466      4.93652194      
 268        65.22569687      4.95142354      
 269        52.90076972      4.965024124     
 270        69.90280192      4.98598066      
 271        59.35673087      5.003719248     
 272        71.24033949      5.015890246     
 273        61.58138158      5.034571514     
 274        57.09884208      5.055478921     
 275        53.66959903      5.073500657     
 276        64.1560127       5.086457612     
 277        66.59538672      5.104160011     
 278        46.32057091      5.119414341     
 279        56.31136052      5.133991457     
 280        63.75270719      5.153915127     
 281        63.19133061      5.175944151     
 282        54.37860666      5.190984279     
 283        54.82659127      5.203245198     
 284        59.29665053      5.219691381     
 285        73.67141837      5.237550887     
 286        75.51079994      5.258380562     
 287        61.84323263      5.281773812     
 288        58.69623108      5.292308432     
 289        76.43853512      5.315704518     
 290        75.33011697      5.343224669     
 291        83.10870613      5.372776195     
 292        74.64470053      5.418465563     
 293        53.3273811       5.437310199     
 294        90.33448167      5.460134478     
 295        73.35800159      5.494446946     
 296        72.83271121      5.522907181     
 297        71.28896813      5.549717311     
 298        82.69576756      5.582030844     
 299        82.48836896      5.6171567       
 300        72.57501805      5.647782106     
 301        75.75093702      5.681935242     
 302        76.78369155      5.714918358     
 303        72.71179942      5.738992497     
 304        83.14030292      5.786160808     
 305        58.44941958      5.824412846     
 306        58.62207022      5.840100862     
 307        66.81078705      5.854706316     
 308        56.58122534      5.868061647     
 309        73.38936551      5.88624364      
 310        79.79644044      5.913409067     
 311        75.5825728       5.961220398     
 312        62.78609041      5.979948797     
 313        71.18668324      6.00432816      
 314        64.33055323      6.045020709     
 315        66.25760327      6.058207252     
 316        56.49904752      6.074874034     
 317        56.92206728      6.087975183     
 318        53.07869639      6.10266192      
 319        56.98726159      6.120659575     
 320        67.97205249      6.137356971     
 321        61.28817792      6.156550951     
 322        46.54836611      6.170643481     
 323        45.41029447      6.190817584     
 324        52.47688893      6.201951707     
 325        59.87756937      6.215237332     
 326        48.09208163      6.230777953     
 327        63.69965067      6.24337834      
 328        65.10737033      6.25966235      
 329        28.9160034       6.274566026     
