 # i        j         
 0          20        
 0          1         
 0          19        
 1          19        
 1          4         
 1          18        
 1          20        
 1          2         
 1          3         
 2          3         
 2          4         
 3          4         
 4          5         
 5          6         
 5          11        
 5          7         
 6          7         
 7          8         
 7          10        
 7          9         
 8          9         
 8          11        
 9          10        
 10         12        
 10         11        
 11         18        
 11         12        
 12         13        
 12         14        
 13         14        
 14         16        
 14         17        
 14         15        
 15         16        
 16         17        
 16         18        
 17         18        
 18         19        
 19         20        
