 # i        j         
 0          328       
 0          1         
 0          329       
 0          320       
 0          18        
 0          6         
 1          327       
 1          6         
 1          13        
 1          2         
 2          328       
 2          4         
 2          326       
 2          3         
 3          5         
 3          6         
 3          4         
 4          5         
 4          328       
 4          7         
 4          6         
 4          15        
 5          7         
 5          6         
 5          9         
 5          12        
 6          13        
 6          327       
 7          9         
 7          8         
 8          13        
 8          321       
 8          11        
 8          14        
 8          9         
 9          325       
 9          320       
 9          12        
 9          14        
 9          10        
 10         12        
 10         11        
 11         14        
 11         12        
 12         24        
 12         315       
 12         316       
 12         13        
 13         16        
 13         18        
 13         321       
 13         14        
 14         17        
 14         16        
 14         15        
 14         19        
 15         327       
 15         16        
 15         17        
 16         19        
 16         17        
 16         18        
 17         23        
 17         18        
 17         20        
 17         19        
 18         24        
 18         23        
 18         20        
 18         19        
 19         23        
 19         315       
 19         307       
 19         77        
 19         21        
 19         20        
 19         22        
 19         296       
 20         21        
 20         22        
 21         22        
 21         23        
 21         25        
 21         26        
 22         23        
 22         25        
 23         26        
 23         321       
 23         30        
 23         32        
 23         24        
 24         28        
 24         57        
 24         27        
 24         26        
 24         25        
 25         27        
 25         26        
 26         28        
 26         27        
 26         29        
 27         28        
 27         31        
 28         29        
 28         31        
 28         30        
 29         30        
 29         31        
 30         34        
 30         40        
 30         31        
 30         32        
 30         33        
 31         34        
 31         32        
 31         35        
 31         33        
 32         36        
 32         35        
 32         33        
 32         34        
 32         39        
 33         36        
 33         39        
 33         35        
 34         35        
 34         40        
 34         36        
 35         37        
 35         36        
 35         40        
 36         37        
 36         43        
 36         44        
 36         38        
 37         42        
 37         38        
 37         41        
 37         39        
 38         39        
 38         45        
 38         41        
 39         40        
 39         56        
 39         52        
 39         64        
 40         49        
 40         64        
 40         41        
 40         45        
 40         42        
 41         45        
 41         46        
 41         42        
 42         43        
 42         45        
 42         55        
 42         46        
 43         47        
 43         44        
 43         48        
 43         52        
 43         46        
 44         47        
 44         45        
 45         48        
 45         57        
 45         46        
 45         49        
 45         56        
 46         47        
 46         48        
 47         48        
 48         49        
 48         50        
 49         54        
 49         50        
 50         51        
 50         54        
 50         52        
 51         53        
 51         52        
 52         53        
 52         56        
 53         54        
 54         55        
 55         56        
 55         62        
 56         57        
 56         58        
 56         60        
 57         58        
 57         72        
 57         63        
 57         64        
 58         59        
 58         63        
 58         60        
 58         61        
 59         61        
 59         60        
 59         66        
 60         61        
 60         62        
 61         62        
 61         66        
 62         63        
 62         65        
 63         71        
 63         64        
 63         68        
 63         67        
 63         73        
 64         65        
 64         66        
 64         69        
 65         66        
 65         68        
 66         69        
 66         67        
 66         68        
 67         69        
 67         68        
 68         71        
 68         69        
 68         70        
 69         71        
 69         72        
 69         70        
 70         71        
 70         72        
 71         73        
 71         74        
 71         72        
 72         73        
 72         74        
 73         77        
 73         74        
 73         75        
 74         75        
 74         76        
 74         79        
 75         77        
 75         76        
 76         79        
 76         78        
 76         77        
 77         89        
 77         82        
 77         78        
 78         79        
 78         80        
 79         80        
 79         82        
 79         81        
 80         81        
 80         83        
 81         82        
 81         84        
 82         83        
 82         84        
 83         85        
 83         84        
 84         85        
 84         86        
 85         86        
 85         88        
 86         87        
 86         89        
 87         89        
 87         88        
 88         89        
 88         108       
 88         91        
 89         181       
 89         90        
 90         92        
 90         91        
 91         93        
 91         92        
 91         108       
 92         94        
 92         93        
 92         95        
 93         94        
 93         115       
 94         95        
 95         96        
 95         103       
 96         97        
 96         99        
 97         98        
 97         105       
 97         99        
 98         103       
 98         105       
 98         99        
 98         100       
 99         102       
 99         100       
 100        101       
 101        102       
 102        103       
 102        109       
 102        104       
 103        104       
 104        105       
 104        108       
 105        109       
 105        112       
 105        106       
 106        107       
 106        108       
 107        112       
 107        110       
 107        109       
 108        109       
 108        114       
 108        115       
 108        113       
 109        110       
 109        114       
 110        111       
 111        112       
 111        113       
 112        113       
 112        116       
 112        115       
 112        114       
 113        116       
 113        114       
 114        132       
 114        175       
 114        115       
 114        120       
 114        116       
 114        168       
 115        117       
 115        171       
 116        117       
 116        118       
 116        120       
 117        118       
 118        119       
 118        120       
 119        120       
 119        121       
 120        121       
 121        122       
 121        129       
 121        126       
 121        123       
 122        123       
 122        127       
 123        126       
 123        124       
 124        130       
 124        131       
 124        125       
 125        126       
 125        169       
 125        127       
 126        154       
 126        127       
 127        128       
 127        129       
 127        130       
 127        131       
 128        129       
 128        133       
 128        130       
 128        131       
 128        150       
 129        130       
 129        137       
 130        131       
 131        132       
 131        140       
 131        137       
 132        180       
 132        138       
 132        133       
 133        137       
 133        134       
 134        135       
 134        137       
 135        136       
 136        137       
 136        146       
 137        139       
 137        150       
 137        142       
 137        158       
 137        152       
 137        138       
 138        153       
 138        151       
 138        140       
 138        148       
 138        139       
 139        142       
 139        140       
 139        156       
 140        141       
 140        151       
 140        149       
 141        142       
 141        144       
 142        143       
 142        144       
 142        150       
 142        148       
 143        146       
 143        145       
 143        144       
 144        145       
 144        149       
 145        146       
 145        147       
 145        148       
 145        149       
 146        147       
 146        156       
 146        148       
 147        149       
 147        153       
 147        148       
 148        149       
 148        153       
 148        151       
 149        151       
 149        153       
 149        150       
 149        155       
 150        152       
 150        151       
 150        153       
 150        155       
 151        154       
 151        155       
 151        160       
 151        169       
 152        153       
 152        157       
 152        156       
 152        155       
 153        157       
 153        154       
 153        170       
 153        163       
 154        155       
 154        158       
 155        156       
 155        159       
 155        157       
 156        167       
 156        157       
 156        162       
 156        158       
 156        159       
 157        158       
 157        161       
 158        168       
 158        160       
 158        164       
 158        162       
 159        160       
 159        165       
 159        161       
 159        168       
 159        163       
 160        161       
 160        162       
 161        165       
 161        162       
 161        164       
 161        163       
 162        163       
 162        167       
 162        164       
 163        164       
 163        165       
 163        170       
 164        165       
 164        166       
 165        166       
 165        167       
 166        167       
 167        170       
 167        173       
 167        168       
 167        172       
 168        172       
 168        174       
 168        171       
 168        169       
 169        193       
 169        170       
 169        176       
 170        173       
 170        171       
 170        177       
 171        173       
 171        175       
 171        172       
 171        174       
 172        174       
 172        173       
 172        178       
 173        174       
 174        178       
 174        177       
 174        176       
 174        181       
 174        175       
 175        176       
 175        177       
 175        200       
 175        195       
 176        180       
 176        179       
 176        178       
 177        178       
 177        189       
 177        184       
 177        179       
 178        179       
 178        180       
 179        180       
 179        183       
 179        185       
 179        184       
 179        182       
 180        186       
 180        181       
 180        183       
 181        297       
 181        200       
 181        186       
 181        185       
 181        184       
 181        182       
 181        188       
 182        183       
 182        187       
 182        184       
 183        184       
 183        186       
 184        185       
 184        187       
 184        189       
 184        186       
 184        188       
 185        186       
 185        192       
 185        188       
 185        190       
 185        187       
 186        187       
 186        188       
 187        189       
 187        196       
 187        192       
 187        188       
 187        191       
 188        193       
 188        192       
 188        189       
 188        190       
 189        191       
 189        203       
 189        190       
 189        193       
 189        195       
 190        192       
 190        191       
 190        201       
 190        193       
 190        196       
 190        194       
 191        193       
 191        195       
 191        192       
 192        197       
 192        202       
 192        194       
 192        193       
 193        196       
 193        194       
 193        207       
 193        202       
 193        201       
 193        206       
 193        197       
 194        195       
 194        196       
 194        203       
 194        209       
 195        215       
 195        197       
 195        196       
 196        197       
 196        212       
 196        199       
 197        198       
 197        200       
 197        199       
 198        204       
 198        199       
 198        200       
 198        205       
 199        200       
 199        201       
 200        201       
 200        232       
 200        204       
 200        205       
 201        202       
 201        203       
 202        204       
 202        209       
 202        203       
 203        206       
 203        204       
 204        209       
 204        205       
 204        207       
 204        206       
 204        214       
 205        206       
 205        207       
 205        211       
 206        209       
 206        207       
 206        210       
 206        212       
 206        213       
 207        211       
 207        208       
 207        212       
 207        210       
 207        213       
 208        209       
 208        212       
 209        214       
 209        210       
 209        215       
 210        213       
 210        218       
 210        211       
 211        214       
 211        212       
 211        216       
 211        221       
 211        220       
 211        213       
 212        216       
 212        214       
 212        213       
 212        217       
 213        214       
 213        215       
 213        218       
 213        220       
 214        223       
 214        218       
 214        222       
 214        215       
 215        229       
 215        218       
 215        216       
 216        225       
 216        219       
 216        220       
 216        218       
 217        226       
 217        225       
 217        219       
 217        222       
 217        218       
 218        221       
 218        230       
 218        219       
 218        226       
 218        225       
 219        223       
 219        220       
 219        222       
 220        224       
 220        221       
 221        229       
 221        222       
 221        223       
 221        225       
 222        225       
 222        227       
 222        224       
 222        223       
 223        226       
 223        225       
 223        224       
 224        226       
 224        225       
 225        229       
 225        226       
 225        230       
 225        227       
 225        234       
 226        228       
 226        237       
 226        227       
 226        229       
 227        230       
 227        238       
 227        231       
 227        228       
 228        232       
 228        233       
 228        229       
 229        235       
 229        230       
 229        259       
 229        231       
 229        238       
 229        279       
 229        232       
 230        232       
 230        231       
 230        234       
 230        233       
 231        236       
 231        239       
 231        233       
 231        232       
 231        235       
 232        233       
 232        246       
 232        235       
 233        234       
 233        237       
 233        238       
 234        237       
 234        236       
 234        235       
 235        241       
 235        238       
 235        236       
 235        245       
 235        239       
 236        242       
 236        237       
 236        243       
 236        241       
 237        238       
 237        244       
 237        239       
 238        241       
 238        239       
 238        254       
 239        240       
 240        243       
 240        241       
 240        242       
 241        246       
 241        243       
 241        245       
 241        242       
 242        247       
 242        243       
 243        247       
 243        254       
 243        249       
 243        244       
 244        251       
 244        245       
 244        246       
 244        256       
 245        251       
 245        253       
 245        246       
 245        248       
 246        249       
 246        252       
 246        248       
 246        247       
 247        251       
 247        249       
 247        250       
 248        252       
 248        255       
 248        249       
 248        251       
 249        250       
 249        251       
 250        263       
 250        252       
 250        254       
 250        251       
 250        255       
 250        253       
 251        252       
 251        254       
 251        253       
 251        256       
 252        253       
 252        264       
 253        254       
 253        263       
 253        257       
 253        261       
 253        262       
 254        255       
 254        257       
 255        256       
 255        257       
 255        258       
 256        259       
 256        258       
 256        261       
 256        257       
 257        258       
 257        263       
 257        265       
 257        259       
 257        267       
 258        265       
 258        259       
 258        260       
 258        279       
 259        260       
 259        261       
 259        271       
 260        262       
 260        290       
 260        264       
 260        261       
 261        266       
 261        270       
 261        262       
 261        265       
 261        263       
 262        266       
 262        264       
 262        278       
 262        263       
 263        272       
 263        269       
 263        264       
 263        276       
 263        267       
 264        266       
 264        267       
 264        265       
 265        268       
 265        269       
 265        273       
 265        266       
 266        267       
 266        268       
 266        270       
 267        272       
 267        283       
 267        269       
 267        270       
 268        269       
 268        272       
 268        271       
 268        270       
 269        271       
 269        275       
 269        270       
 270        271       
 270        273       
 270        272       
 271        272       
 271        278       
 271        275       
 271        273       
 272        275       
 272        273       
 272        281       
 272        277       
 273        277       
 273        274       
 274        277       
 274        275       
 274        276       
 275        277       
 275        276       
 276        280       
 276        279       
 276        277       
 277        278       
 277        280       
 277        283       
 277        286       
 278        279       
 278        285       
 278        284       
 279        280       
 279        296       
 280        281       
 280        284       
 281        282       
 281        287       
 281        283       
 282        286       
 282        283       
 282        291       
 282        288       
 283        288       
 283        284       
 283        285       
 284        285       
 284        287       
 284        286       
 285        286       
 285        287       
 285        288       
 286        287       
 286        288       
 286        290       
 287        288       
 287        289       
 287        291       
 288        289       
 288        293       
 288        292       
 289        292       
 289        290       
 290        291       
 290        292       
 291        298       
 291        296       
 291        294       
 291        292       
 292        295       
 292        296       
 292        299       
 292        294       
 292        293       
 293        294       
 294        295       
 294        297       
 294        296       
 294        299       
 295        296       
 295        299       
 295        304       
 295        297       
 296        301       
 296        303       
 296        297       
 297        299       
 297        298       
 297        302       
 298        303       
 298        301       
 298        299       
 298        300       
 299        300       
 300        304       
 300        301       
 300        308       
 301        304       
 301        302       
 302        303       
 302        309       
 302        310       
 302        308       
 302        304       
 303        306       
 303        305       
 303        304       
 304        305       
 304        307       
 304        308       
 305        309       
 305        306       
 306        310       
 306        307       
 306        317       
 307        311       
 307        309       
 307        308       
 308        316       
 308        320       
 308        311       
 308        309       
 308        310       
 309        311       
 309        313       
 309        310       
 310        315       
 310        312       
 311        314       
 311        324       
 311        312       
 311        315       
 312        313       
 312        324       
 312        314       
 313        317       
 313        325       
 313        314       
 314        316       
 314        315       
 315        316       
 315        320       
 315        319       
 315        317       
 316        318       
 316        321       
 316        317       
 317        319       
 317        318       
 318        319       
 319        326       
 319        320       
 319        321       
 320        321       
 320        324       
 321        322       
 322        323       
 322        324       
 323        324       
 323        325       
 324        325       
 324        327       
 325        326       
 325        328       
 325        327       
 326        328       
 326        327       
 327        328       
 328        329       
