 # i        j         
 0          1         
 0          518       
 0          7         
 1          2         
 2          3         
 3          4         
 4          9         
 4          519       
 4          5         
 5          6         
 6          7         
 7          8         
 8          11        
 9          12        
 9          10        
 10         12        
 10         16        
 11         20        
 12         18        
 12         14        
 12         13        
 13         14        
 14         17        
 14         15        
 15         18        
 16         20        
 17         19        
 17         18        
 18         19        
 19         22        
 19         20        
 20         22        
 20         21        
 20         26        
 22         23        
 22         24        
 23         24        
 24         27        
 25         26        
 25         27        
 26         134       
 26         27        
 26         129       
 27         28        
 27         112       
 28         134       
 28         29        
 29         30        
 29         31        
 30         31        
 31         32        
 32         33        
 33         34        
 34         38        
 35         38        
 36         44        
 36         40        
 36         37        
 38         46        
 38         41        
 39         40        
 40         44        
 40         42        
 41         46        
 41         42        
 42         45        
 42         43        
 43         44        
 44         50        
 44         55        
 44         45        
 45         49        
 45         47        
 45         48        
 46         53        
 46         47        
 46         54        
 47         48        
 48         52        
 49         51        
 49         50        
 50         54        
 50         51        
 51         64        
 51         52        
 52         53        
 52         60        
 53         54        
 53         63        
 54         56        
 55         57        
 56         57        
 56         61        
 57         63        
 57         58        
 57         59        
 58         62        
 58         59        
 60         67        
 60         61        
 61         62        
 62         67        
 62         73        
 62         65        
 62         63        
 63         64        
 64         66        
 64         72        
 65         69        
 66         70        
 66         67        
 66         71        
 66         68        
 67         68        
 68         77        
 68         69        
 68         70        
 69         75        
 69         70        
 70         75        
 70         78        
 70         71        
 72         82        
 73         74        
 74         77        
 74         76        
 74         75        
 76         78        
 77         81        
 77         83        
 78         81        
 78         79        
 79         84        
 79         119       
 79         83        
 80         112       
 80         81        
 81         85        
 82         83        
 83         85        
 83         86        
 84         85        
 85         103       
 86         112       
 87         88        
 88         89        
 89         90        
 90         91        
 91         93        
 92         112       
 92         94        
 92         93        
 93         95        
 93         94        
 94         103       
 95         100       
 95         96        
 96         101       
 96         97        
 97         98        
 98         100       
 98         99        
 99         100       
 100        102       
 100        101       
 101        102       
 101        104       
 102        114       
 102        118       
 102        103       
 103        117       
 104        107       
 105        106       
 106        107       
 107        110       
 107        108       
 108        112       
 108        110       
 109        110       
 110        111       
 111        112       
 112        118       
 112        113       
 112        119       
 112        127       
 112        114       
 113        117       
 113        119       
 114        122       
 114        115       
 115        118       
 116        118       
 116        124       
 116        117       
 116        120       
 117        124       
 118        120       
 119        123       
 119        120       
 120        126       
 120        121       
 121        138       
 121        122       
 122        134       
 123        124       
 124        129       
 124        128       
 124        151       
 124        150       
 124        125       
 125        126       
 126        128       
 127        138       
 127        270       
 127        130       
 128        140       
 128        139       
 129        131       
 129        130       
 130        143       
 130        131       
 131        139       
 131        132       
 132        133       
 132        134       
 132        147       
 133        137       
 134        138       
 134        137       
 134        135       
 135        136       
 136        137       
 137        139       
 137        182       
 137        138       
 138        145       
 138        144       
 139        141       
 139        147       
 140        141       
 141        154       
 141        143       
 142        147       
 142        143       
 143        157       
 143        144       
 143        150       
 144        149       
 144        145       
 145        147       
 145        146       
 146        149       
 146        162       
 146        147       
 147        153       
 147        148       
 148        149       
 149        152       
 149        157       
 150        151       
 151        158       
 151        182       
 152        153       
 153        155       
 153        159       
 154        157       
 154        155       
 155        166       
 155        156       
 156        157       
 157        166       
 157        168       
 157        158       
 158        159       
 158        183       
 158        160       
 159        188       
 159        160       
 160        174       
 160        161       
 161        283       
 161        162       
 161        263       
 161        182       
 162        163       
 163        164       
 163        182       
 164        288       
 164        165       
 164        169       
 164        186       
 165        166       
 165        171       
 166        167       
 166        176       
 166        168       
 167        178       
 168        170       
 168        172       
 168        176       
 168        175       
 168        169       
 169        172       
 169        170       
 170        171       
 171        172       
 171        181       
 172        177       
 172        173       
 173        175       
 173        176       
 174        188       
 174        175       
 176        180       
 176        178       
 177        196       
 178        197       
 178        179       
 179        188       
 179        180       
 180        198       
 181        188       
 181        263       
 181        182       
 181        183       
 181        208       
 182        183       
 182        191       
 182        283       
 182        264       
 182        270       
 183        206       
 183        184       
 184        206       
 184        185       
 185        238       
 185        188       
 186        194       
 187        190       
 187        188       
 188        198       
 188        194       
 189        200       
 189        193       
 189        190       
 190        191       
 191        192       
 192        206       
 193        207       
 193        194       
 193        221       
 193        196       
 194        209       
 194        195       
 196        197       
 197        198       
 197        199       
 198        260       
 198        236       
 198        212       
 198        209       
 198        235       
 198        199       
 199        237       
 199        211       
 199        200       
 200        203       
 200        201       
 201        202       
 203        204       
 204        205       
 206        244       
 206        208       
 206        207       
 207        208       
 207        239       
 208        271       
 208        239       
 209        213       
 209        210       
 209        212       
 210        221       
 211        214       
 211        215       
 212        230       
 213        214       
 213        217       
 214        215       
 215        220       
 215        216       
 217        218       
 219        220       
 221        223       
 221        224       
 222        223       
 222        230       
 223        224       
 223        225       
 223        227       
 223        228       
 224        233       
 224        225       
 225        226       
 225        227       
 226        228       
 226        227       
 226        232       
 227        229       
 228        233       
 228        231       
 229        230       
 230        260       
 230        231       
 232        233       
 233        243       
 233        234       
 234        235       
 235        239       
 236        239       
 236        237       
 236        251       
 237        280       
 238        239       
 238        240       
 239        259       
 239        241       
 239        275       
 240        241       
 240        242       
 241        279       
 242        243       
 242        246       
 243        257       
 244        274       
 245        263       
 245        246       
 245        247       
 246        286       
 246        248       
 247        250       
 248        250       
 248        249       
 250        251       
 251        252       
 251        255       
 252        254       
 252        253       
 253        260       
 253        267       
 253        259       
 253        256       
 254        255       
 255        256       
 256        257       
 257        262       
 257        258       
 258        259       
 258        260       
 259        267       
 259        271       
 259        260       
 260        265       
 261        262       
 261        266       
 262        273       
 262        263       
 263        264       
 264        271       
 264        273       
 264        287       
 265        271       
 266        267       
 267        283       
 267        268       
 268        269       
 269        270       
 269        290       
 270        271       
 270        272       
 271        274       
 271        276       
 271        347       
 272        273       
 272        279       
 273        292       
 273        274       
 274        275       
 274        276       
 275        302       
 275        276       
 276        316       
 276        281       
 276        296       
 277        278       
 277        292       
 278        287       
 278        279       
 278        288       
 279        280       
 280        282       
 280        300       
 280        295       
 280        281       
 281        298       
 282        283       
 282        288       
 283        285       
 283        287       
 283        288       
 284        286       
 284        294       
 284        291       
 284        287       
 284        285       
 285        311       
 285        287       
 286        300       
 286        287       
 287        311       
 287        288       
 288        301       
 288        289       
 290        346       
 290        328       
 291        293       
 292        302       
 292        294       
 292        293       
 293        302       
 294        297       
 294        302       
 295        300       
 295        296       
 296        304       
 296        306       
 296        297       
 297        300       
 297        298       
 297        308       
 298        302       
 298        303       
 298        299       
 299        301       
 299        300       
 300        301       
 300        303       
 300        311       
 301        320       
 301        302       
 301        315       
 302        303       
 302        313       
 303        325       
 303        321       
 303        305       
 303        304       
 304        317       
 305        317       
 305        307       
 305        306       
 307        313       
 307        315       
 307        331       
 307        308       
 308        309       
 308        317       
 309        331       
 309        310       
 309        318       
 309        311       
 310        314       
 310        311       
 310        322       
 311        335       
 311        328       
 311        312       
 313        333       
 313        315       
 313        317       
 313        330       
 313        326       
 313        314       
 314        319       
 315        316       
 315        325       
 316        333       
 317        318       
 317        326       
 318        320       
 318        319       
 319        324       
 320        323       
 321        333       
 321        323       
 321        430       
 322        335       
 322        323       
 323        418       
 324        353       
 324        333       
 324        354       
 324        325       
 326        339       
 326        327       
 327        330       
 327        405       
 327        328       
 328        329       
 328        331       
 329        336       
 329        333       
 329        330       
 330        342       
 331        338       
 331        332       
 332        357       
 332        333       
 332        334       
 333        349       
 333        359       
 334        342       
 335        350       
 335        336       
 336        337       
 336        354       
 337        347       
 337        341       
 338        363       
 338        339       
 339        340       
 340        366       
 340        342       
 341        342       
 341        345       
 342        343       
 342        349       
 342        344       
 343        348       
 344        348       
 344        345       
 346        347       
 346        409       
 346        401       
 347        378       
 347        361       
 347        355       
 347        352       
 348        359       
 348        386       
 348        349       
 349        364       
 349        353       
 349        359       
 350        369       
 350        360       
 350        351       
 352        368       
 352        355       
 352        353       
 353        358       
 353        364       
 353        363       
 353        361       
 353        354       
 354        355       
 355        357       
 355        356       
 356        387       
 356        357       
 356        358       
 356        362       
 357        395       
 357        360       
 357        361       
 358        361       
 358        360       
 359        374       
 360        361       
 360        381       
 361        365       
 361        370       
 361        362       
 361        380       
 361        375       
 362        364       
 362        378       
 362        363       
 363        377       
 363        376       
 363        380       
 363        364       
 364        379       
 364        365       
 364        373       
 365        366       
 365        371       
 366        384       
 366        418       
 367        368       
 367        369       
 368        369       
 368        389       
 369        377       
 369        389       
 370        383       
 370        371       
 371        374       
 371        372       
 372        410       
 372        375       
 373        374       
 373        386       
 374        402       
 374        390       
 374        403       
 376        397       
 377        378       
 377        380       
 377        385       
 378        409       
 378        415       
 378        380       
 378        391       
 378        379       
 379        381       
 379        383       
 379        392       
 379        380       
 380        384       
 380        404       
 380        405       
 380        389       
 380        381       
 381        393       
 381        382       
 381        383       
 382        393       
 382        383       
 383        385       
 383        393       
 384        390       
 385        393       
 386        387       
 387        388       
 387        389       
 388        407       
 388        394       
 388        389       
 389        398       
 389        393       
 389        396       
 389        390       
 390        391       
 390        403       
 392        393       
 393        396       
 393        397       
 394        395       
 395        400       
 395        396       
 395        397       
 396        397       
 397        405       
 397        398       
 398        399       
 399        400       
 401        414       
 402        403       
 402        408       
 403        404       
 403        406       
 404        412       
 404        405       
 405        420       
 405        409       
 405        407       
 405        406       
 407        408       
 407        410       
 408        416       
 409        412       
 409        432       
 409        410       
 409        435       
 410        411       
 411        427       
 412        428       
 412        413       
 413        426       
 413        414       
 414        415       
 414        432       
 414        439       
 414        419       
 415        420       
 415        417       
 416        423       
 418        421       
 418        422       
 419        420       
 419        425       
 420        423       
 420        422       
 420        421       
 421        431       
 421        424       
 422        428       
 422        430       
 423        424       
 424        425       
 424        431       
 424        426       
 425        428       
 425        432       
 426        428       
 426        432       
 427        432       
 428        434       
 428        429       
 430        440       
 430        436       
 431        432       
 431        434       
 431        435       
 432        433       
 432        450       
 432        435       
 433        435       
 434        438       
 435        450       
 435        448       
 436        438       
 436        437       
 438        443       
 439        448       
 440        441       
 441        442       
 441        444       
 442        443       
 443        446       
 443        447       
 444        447       
 444        445       
 445        446       
 446        447       
 447        448       
 448        457       
 448        449       
 449        455       
 450        457       
 450        454       
 450        451       
 451        452       
 452        453       
 452        454       
 454        463       
 454        457       
 455        457       
 455        456       
 456        459       
 456        457       
 456        460       
 456        458       
 457        463       
 457        460       
 459        461       
 460        461       
 461        462       
 463        465       
 464        465       
 465        467       
 465        466       
 467        468       
 468        469       
 469        470       
 470        471       
 471        472       
 472        473       
 473        474       
 474        475       
 475        476       
 476        477       
 477        478       
 478        479       
 479        485       
 479        480       
 480        481       
 481        484       
 482        483       
 483        484       
 484        485       
 485        486       
 485        488       
 486        487       
 487        488       
 488        505       
 488        493       
 488        494       
 488        489       
 489        490       
 490        491       
 491        492       
 492        495       
 493        507       
 493        501       
 493        494       
 494        495       
 495        496       
 495        497       
 496        497       
 496        505       
 497        498       
 498        501       
 499        501       
 500        514       
 500        501       
 501        505       
 502        503       
 503        505       
 503        504       
 504        507       
 504        505       
 505        506       
 506        511       
 506        507       
 507        513       
 508        509       
 509        510       
 510        511       
 511        513       
 511        515       
 512        513       
 513        514       
 514        516       
 514        515       
 514        517       
 516        518       
 516        517       
 517        518       
 518        519       
