 # i        j         
 0          2         
 0          1037      
 1          3         
 1          15        
 2          3         
 3          5         
 3          4         
 5          6         
 6          7         
 7          8         
 9          18        
 9          1038      
 9          10        
 10         11        
 11         12        
 12         13        
 13         14        
 15         16        
 16         22        
 16         17        
 18         19        
 18         24        
 19         20        
 20         21        
 20         25        
 21         33        
 22         23        
 23         41        
 24         37        
 24         28        
 25         26        
 26         27        
 27         29        
 28         34        
 29         30        
 30         31        
 31         37        
 32         41        
 32         33        
 34         38        
 34         35        
 35         36        
 36         38        
 37         39        
 37         38        
 38         44        
 39         40        
 40         45        
 41         42        
 41         52        
 42         43        
 44         45        
 45         46        
 45         48        
 47         48        
 47         49        
 49         55        
 50         52        
 50         51        
 51         55        
 53         269       
 53         55        
 53         259       
 54         55        
 54         56        
 55         225       
 56         269       
 56         59        
 56         57        
 57         58        
 59         61        
 59         60        
 59         63        
 61         62        
 63         64        
 64         65        
 65         66        
 67         69        
 67         68        
 69         77        
 70         77        
 70         71        
 72         89        
 72         81        
 72         74        
 73         80        
 73         74        
 74         75        
 76         92        
 76         77        
 77         82        
 78         80        
 78         79        
 80         89        
 81         85        
 82         93        
 82         83        
 83         84        
 84         91        
 85         86        
 86         88        
 86         87        
 88         101       
 89         110       
 89         90        
 90         98        
 90         95        
 90         91        
 91         97        
 92         93        
 93         106       
 93         94        
 93         108       
 95         96        
 97         104       
 98         103       
 99         101       
 99         100       
 101        109       
 101        102       
 103        129       
 103        105       
 104        105       
 104        106       
 105        106       
 105        120       
 107        108       
 107        127       
 109        112       
 110        111       
 111        114       
 112        114       
 112        123       
 112        113       
 114        126       
 114        117       
 115        118       
 115        116       
 117        124       
 117        119       
 118        119       
 120        121       
 121        134       
 121        122       
 123        124       
 124        135       
 124        146       
 125        131       
 125        126       
 126        129       
 127        128       
 128        132       
 129        144       
 130        138       
 130        131       
 132        141       
 132        134       
 132        133       
 132        142       
 133        137       
 135        136       
 136        155       
 136        138       
 137        140       
 139        150       
 139        140       
 141        150       
 141        157       
 141        142       
 142        143       
 144        145       
 145        164       
 146        147       
 147        148       
 148        154       
 149        153       
 149        150       
 150        151       
 152        156       
 152        153       
 154        155       
 154        162       
 155        167       
 156        163       
 157        158       
 158        168       
 159        239       
 159        166       
 160        225       
 160        161       
 161        162       
 163        171       
 164        165       
 165        166       
 166        170       
 166        167       
 167        172       
 168        170       
 169        170       
 169        171       
 170        207       
 172        173       
 173        225       
 174        175       
 174        176       
 176        177       
 177        178       
 178        179       
 179        180       
 180        181       
 181        182       
 182        183       
 183        186       
 184        225       
 184        189       
 185        187       
 185        186       
 187        190       
 187        188       
 189        206       
 190        200       
 190        191       
 191        192       
 192        202       
 193        195       
 193        194       
 195        196       
 196        201       
 197        199       
 197        198       
 199        201       
 200        205       
 201        203       
 202        203       
 203        204       
 203        209       
 204        229       
 205        236       
 205        207       
 206        234       
 206        207       
 208        209       
 208        214       
 210        211       
 210        212       
 212        213       
 213        215       
 214        220       
 215        217       
 216        225       
 217        221       
 218        220       
 218        219       
 220        222       
 221        222       
 222        223       
 223        224       
 224        237       
 225        227       
 225        226       
 225        239       
 225        254       
 225        228       
 226        235       
 227        238       
 228        245       
 229        231       
 230        236       
 230        231       
 232        236       
 232        249       
 233        235       
 233        241       
 234        235       
 235        248       
 237        240       
 238        246       
 239        240       
 239        247       
 240        253       
 241        242       
 243        277       
 243        245       
 244        245       
 245        269       
 246        248       
 246        247       
 248        259       
 248        257       
 248        302       
 248        300       
 249        258       
 249        250       
 250        251       
 251        252       
 252        256       
 252        253       
 254        255       
 255        276       
 255        540       
 255        260       
 256        257       
 257        280       
 257        278       
 258        262       
 259        260       
 261        287       
 261        263       
 262        263       
 263        278       
 263        264       
 265        267       
 265        269       
 265        294       
 265        268       
 266        275       
 266        267       
 268        277       
 269        275       
 269        270       
 271        273       
 271        272       
 272        274       
 274        278       
 275        365       
 275        276       
 275        277       
 276        291       
 276        289       
 276        277       
 278        279       
 278        283       
 279        295       
 280        281       
 281        282       
 282        309       
 282        286       
 282        283       
 284        295       
 284        285       
 285        287       
 286        314       
 287        288       
 287        300       
 288        299       
 289        290       
 290        294       
 291        292       
 292        298       
 293        325       
 293        294       
 295        307       
 295        296       
 297        298       
 297        299       
 299        304       
 299        315       
 300        302       
 301        302       
 301        303       
 302        317       
 303        365       
 303        317       
 304        305       
 305        307       
 306        307       
 306        310       
 307        319       
 308        309       
 308        314       
 309        310       
 310        332       
 311        313       
 311        312       
 313        314       
 314        332       
 314        336       
 315        316       
 316        319       
 316        317       
 316        367       
 317        321       
 318        319       
 318        377       
 318        320       
 320        348       
 321        323       
 322        566       
 322        325       
 322        527       
 323        364       
 324        325       
 324        326       
 325        327       
 326        328       
 327        365       
 328        576       
 329        331       
 329        339       
 329        373       
 330        332       
 330        331       
 331        342       
 332        333       
 332        335       
 332        353       
 333        337       
 333        334       
 335        356       
 336        341       
 336        344       
 337        353       
 337        351       
 337        352       
 337        338       
 339        345       
 339        341       
 339        340       
 341        342       
 343        344       
 343        362       
 344        345       
 345        354       
 345        346       
 347        350       
 347        352       
 348        377       
 348        350       
 348        349       
 350        351       
 352        353       
 352        361       
 353        356       
 354        355       
 355        392       
 356        395       
 356        359       
 356        357       
 358        377       
 358        361       
 359        360       
 360        361       
 361        397       
 362        376       
 363        526       
 363        364       
 363        366       
 363        416       
 364        366       
 364        383       
 365        566       
 365        529       
 365        540       
 365        366       
 367        413       
 367        368       
 367        369       
 368        413       
 369        370       
 370        371       
 371        477       
 371        377       
 372        373       
 372        389       
 374        380       
 374        375       
 375        376       
 377        397       
 377        388       
 378        379       
 378        401       
 379        387       
 379        380       
 380        381       
 381        382       
 383        384       
 384        385       
 385        412       
 386        415       
 386        388       
 387        443       
 387        393       
 389        419       
 389        390       
 390        391       
 392        394       
 393        394       
 395        396       
 395        398       
 396        521       
 396        473       
 396        424       
 396        419       
 397        471       
 397        398       
 398        474       
 399        422       
 399        400       
 400        401       
 401        407       
 401        403       
 401        402       
 403        404       
 404        405       
 406        407       
 406        408       
 408        409       
 409        410       
 410        411       
 412        488       
 412        413       
 413        417       
 413        415       
 414        417       
 414        416       
 415        478       
 417        542       
 417        478       
 418        419       
 418        426       
 419        420       
 419        425       
 420        421       
 421        443       
 422        428       
 422        423       
 422        430       
 424        461       
 424        425       
 426        428       
 427        428       
 427        434       
 427        429       
 429        430       
 430        441       
 430        431       
 431        432       
 432        433       
 434        435       
 435        436       
 436        437       
 438        439       
 439        440       
 440        441       
 442        447       
 442        443       
 443        449       
 443        446       
 444        445       
 444        446       
 445        461       
 447        449       
 447        451       
 447        454       
 447        456       
 447        448       
 449        467       
 449        450       
 450        452       
 451        454       
 452        457       
 453        454       
 453        464       
 454        458       
 454        455       
 456        467       
 457        463       
 458        459       
 459        460       
 461        521       
 461        462       
 462        463       
 464        465       
 465        466       
 467        486       
 467        468       
 468        470       
 469        470       
 471        478       
 471        479       
 472        479       
 472        473       
 473        475       
 473        474       
 473        503       
 475        560       
 476        478       
 476        480       
 477        478       
 478        519       
 478        482       
 478        551       
 479        483       
 480        481       
 481        483       
 481        485       
 482        559       
 484        486       
 484        493       
 485        487       
 487        514       
 488        548       
 488        489       
 490        526       
 490        492       
 491        493       
 491        494       
 492        573       
 493        496       
 494        495       
 495        500       
 496        497       
 497        500       
 497        498       
 498        499       
 500        501       
 501        502       
 503        505       
 503        510       
 503        504       
 504        508       
 505        506       
 506        507       
 506        521       
 507        534       
 507        518       
 507        521       
 507        513       
 508        509       
 509        511       
 510        513       
 511        512       
 513        514       
 514        515       
 514        524       
 515        516       
 517        518       
 517        521       
 518        534       
 519        542       
 519        520       
 520        531       
 522        524       
 522        532       
 522        523       
 525        547       
 525        526       
 526        528       
 526        529       
 527        529       
 528        542       
 528        547       
 529        574       
 530        542       
 530        531       
 532        533       
 533        535       
 534        567       
 535        536       
 536        537       
 537        538       
 539        540       
 539        580       
 540        543       
 541        542       
 541        545       
 542        548       
 542        553       
 543        694       
 544        546       
 544        559       
 545        546       
 547        584       
 547        548       
 548        550       
 548        553       
 548        549       
 550        604       
 550        553       
 551        552       
 552        553       
 553        632       
 553        563       
 553        592       
 554        556       
 554        555       
 555        584       
 556        574       
 557        558       
 557        576       
 559        561       
 559        560       
 560        561       
 560        565       
 560        600       
 560        590       
 561        562       
 563        597       
 564        565       
 564        567       
 565        577       
 566        570       
 566        574       
 567        577       
 568        572       
 568        588       
 568        569       
 568        582       
 568        574       
 569        570       
 570        622       
 570        571       
 571        575       
 572        601       
 573        574       
 575        622       
 575        576       
 577        602       
 577        578       
 578        579       
 580        581       
 581        692       
 581        656       
 582        583       
 583        586       
 584        604       
 584        585       
 585        589       
 585        586       
 585        587       
 587        605       
 588        595       
 589        604       
 590        600       
 590        592       
 590        591       
 591        592       
 592        609       
 592        613       
 592        593       
 593        594       
 595        601       
 595        596       
 595        617       
 596        604       
 597        606       
 597        598       
 599        602       
 599        600       
 600        602       
 600        607       
 601        622       
 602        640       
 603        604       
 603        631       
 604        606       
 604        605       
 605        606       
 605        627       
 606        651       
 606        642       
 607        610       
 607        608       
 608        609       
 609        635       
 610        635       
 611        614       
 611        613       
 611        612       
 614        626       
 614        631       
 614        630       
 615        663       
 615        616       
 616        619       
 616        617       
 616        634       
 617        618       
 618        662       
 618        620       
 618        637       
 619        622       
 620        629       
 621        622       
 621        644       
 621        623       
 622        670       
 622        657       
 622        625       
 623        624       
 624        625       
 626        666       
 626        631       
 626        635       
 626        660       
 626        653       
 627        629       
 627        628       
 628        638       
 630        633       
 630        631       
 630        650       
 631        632       
 633        666       
 634        637       
 635        636       
 635        652       
 636        641       
 637        638       
 638        648       
 638        639       
 640        647       
 640        641       
 642        667       
 643        647       
 643        860       
 644        670       
 644        645       
 645        646       
 647        836       
 648        706       
 648        666       
 648        708       
 648        651       
 648        649       
 649        650       
 652        679       
 653        654       
 654        661       
 655        810       
 655        656       
 657        658       
 657        662       
 658        672       
 659        666       
 659        661       
 659        660       
 661        685       
 662        677       
 663        664       
 664        715       
 665        666       
 665        668       
 666        699       
 666        719       
 666        667       
 668        669       
 669        685       
 670        700       
 670        671       
 670        672       
 671        673       
 672        674       
 672        709       
 673        675       
 674        695       
 675        683       
 676        726       
 676        678       
 677        678       
 679        680       
 680        681       
 680        733       
 681        685       
 682        684       
 682        683       
 682        691       
 685        687       
 685        698       
 685        688       
 686        687       
 686        697       
 688        697       
 689        691       
 689        690       
 692        694       
 692        693       
 693        819       
 693        694       
 693        802       
 694        756       
 694        723       
 695        711       
 695        705       
 696        719       
 696        773       
 696        697       
 697        698       
 699        729       
 699        706       
 699        719       
 700        738       
 700        720       
 700        702       
 700        701       
 702        703       
 704        737       
 704        710       
 705        706       
 706        716       
 706        729       
 707        727       
 707        722       
 707        708       
 709        711       
 709        710       
 711        714       
 711        713       
 712        775       
 712        714       
 713        717       
 713        715       
 713        716       
 713        724       
 714        791       
 714        720       
 715        722       
 716        722       
 717        720       
 718        749       
 718        719       
 720        722       
 720        763       
 720        721       
 722        731       
 722        741       
 723        725       
 723        761       
 723        750       
 724        728       
 725        756       
 725        726       
 726        755       
 726        752       
 727        760       
 727        728       
 728        759       
 729        730       
 729        747       
 730        732       
 730        743       
 730        731       
 732        769       
 733        837       
 734        737       
 734        738       
 734        736       
 735        736       
 737        739       
 737        778       
 738        739       
 739        754       
 739        778       
 740        767       
 740        742       
 741        742       
 743        749       
 743        744       
 745        821       
 745        750       
 746        748       
 746        772       
 746        747       
 748        749       
 748        805       
 749        781       
 749        806       
 750        751       
 752        794       
 752        753       
 754        756       
 754        760       
 754        755       
 754        771       
 756        757       
 756        819       
 756        830       
 756        761       
 756        783       
 757        758       
 758        762       
 759        767       
 759        762       
 759        785       
 759        760       
 760        761       
 760        768       
 760        809       
 760        810       
 761        779       
 761        762       
 762        787       
 763        764       
 763        766       
 764        787       
 764        767       
 764        765       
 766        770       
 767        787       
 768        769       
 769        781       
 770        771       
 771        787       
 772        773       
 773        774       
 774        776       
 775        778       
 776        814       
 777        788       
 777        778       
 778        797       
 779        786       
 779        793       
 779        780       
 781        783       
 781        807       
 781        782       
 784        787       
 784        785       
 786        787       
 787        792       
 787        794       
 788        790       
 788        789       
 790        800       
 790        792       
 790        794       
 790        791       
 793        795       
 794        811       
 795        796       
 797        799       
 798        800       
 798        799       
 800        801       
 802        803       
 803        828       
 804        806       
 804        805       
 805        816       
 806        808       
 807        808       
 807        813       
 808        809       
 808        825       
 809        810       
 809        825       
 810        840       
 810        818       
 811        815       
 811        812       
 812        813       
 814        817       
 815        820       
 816        817       
 817        832       
 818        824       
 819        865       
 819        820       
 819        870       
 821        822       
 821        823       
 823        855       
 824        825       
 824        856       
 825        826       
 826        852       
 827        828       
 828        830       
 828        865       
 829        830       
 829        879       
 829        838       
 830        840       
 830        831       
 830        834       
 832        833       
 833        846       
 834        835       
 836        843       
 836        844       
 836        837       
 838        840       
 839        840       
 839        851       
 841        847       
 841        844       
 841        842       
 843        862       
 843        848       
 844        857       
 844        845       
 845        860       
 846        848       
 847        848       
 848        851       
 848        862       
 848        849       
 849        852       
 850        851       
 851        856       
 851        864       
 853        856       
 853        864       
 854        855       
 855        865       
 857        868       
 857        858       
 858        859       
 860        880       
 860        861       
 861        872       
 862        864       
 862        863       
 863        864       
 863        868       
 863        871       
 864        866       
 865        901       
 865        870       
 866        867       
 867        871       
 868        876       
 868        869       
 870        901       
 870        897       
 870        871       
 872        877       
 872        873       
 873        874       
 874        875       
 876        877       
 876        887       
 878        897       
 878        879       
 880        881       
 881        882       
 882        883       
 882        885       
 883        889       
 883        885       
 884        885       
 884        887       
 886        887       
 886        893       
 886        894       
 888        889       
 888        895       
 889        891       
 890        891       
 891        892       
 893        894       
 894        895       
 895        896       
 897        915       
 897        899       
 898        910       
 898        899       
 900        901       
 900        915       
 900        909       
 901        902       
 902        905       
 902        903       
 903        904       
 904        906       
 905        908       
 906        907       
 908        926       
 909        914       
 910        915       
 910        911       
 911        912       
 912        919       
 913        915       
 913        921       
 913        918       
 913        916       
 914        915       
 914        927       
 914        920       
 916        917       
 918        923       
 919        922       
 920        923       
 921        922       
 922        924       
 924        925       
 926        927       
 927        931       
 928        929       
 929        931       
 929        930       
 931        934       
 931        932       
 932        933       
 934        935       
 934        937       
 935        936       
 937        938       
 938        941       
 938        940       
 939        940       
 941        942       
 942        943       
 943        944       
 945        946       
 945        947       
 947        948       
 948        949       
 949        950       
 950        951       
 951        952       
 952        953       
 953        954       
 954        955       
 955        956       
 956        957       
 957        958       
 958        971       
 959        960       
 959        961       
 961        962       
 961        963       
 963        969       
 964        965       
 964        966       
 966        967       
 967        968       
 968        971       
 969        970       
 970        972       
 971        976       
 972        973       
 973        974       
 974        975       
 975        976       
 976        1010      
 976        986       
 976        988       
 977        979       
 977        978       
 979        981       
 979        980       
 981        982       
 982        984       
 983        984       
 984        990       
 984        985       
 986        1014      
 987        1003      
 987        988       
 989        990       
 990        992       
 990        991       
 990        995       
 992        993       
 992        994       
 993        1010      
 994        996       
 995        997       
 996        997       
 997        1002      
 998        1003      
 998        999       
 1000       1028      
 1000       1001      
 1001       1003      
 1001       1002      
 1003       1010      
 1004       1005      
 1004       1006      
 1006       1007      
 1006       1011      
 1007       1008      
 1009       1015      
 1009       1010      
 1011       1012      
 1012       1013      
 1013       1023      
 1013       1014      
 1015       1027      
 1016       1018      
 1016       1017      
 1018       1019      
 1019       1020      
 1020       1021      
 1021       1022      
 1022       1023      
 1023       1027      
 1023       1031      
 1024       1025      
 1024       1026      
 1026       1027      
 1027       1028      
 1028       1032      
 1029       1030      
 1029       1035      
 1030       1031      
 1032       1036      
 1033       1035      
 1033       1034      
 1035       1036      
 1036       1037      
 1037       1038      
