 # i        kappa            theta           
 0          11.9756957       0.01648590967   
 1          0.9552342771     0.05526651341   
 2          115.5430922      0.06269779316   
 3          0.9293060858     0.07060207972   
 4          4.271870853      0.08055910229   
 5          3.49488538       0.1040452377    
 6          0.7883209547     0.1217750204    
 7          38.66418607      0.1315529693    
 8          0.878947602      0.1379078819    
 9          2.088784626      0.1491385988    
 10         10.33945687      0.1587128458    
 11         5.569169994      0.1753814306    
 12         8.960054882      0.1983094255    
 13         12.09790443      0.2369138522    
 14         9.572966872      0.2548355281    
 15         17.99057504      0.2930722233    
 16         14.07127866      0.3109509176    
 17         32.71641185      0.4075412623    
 18         3.005460003      0.4269884179    
 19         4.202213629      0.4324370982    
 20         3.7652504        0.4442016158    
 21         12.43563191      0.4634405071    
 22         4.720942191      0.4912560779    
 23         4.375278765      0.4996017828    
 24         6.536945788      0.5127014833    
 25         20.68338347      0.5309851888    
 26         5.785484469      0.552420351     
 27         5.432218916      0.5626869993    
 28         1.336374456      0.5729335988    
 29         3.842436958      0.5773088429    
 30         4.566884503      0.582829079     
 31         37.46468957      0.6153301924    
 32         18.35310697      0.6177858244    
 33         0.5565894546     0.6430753494    
 34         134.5350124      0.6499009991    
 35         5.659599966      0.6548476855    
 36         0.760817395      0.6652544395    
 37         13.1520129       0.6742930504    
 38         7.623770421      0.6817557181    
 39         7.111824151      0.6920640186    
 40         1.296642107      0.703291738     
 41         1.873986313      0.7082472395    
 42         11.60177729      0.7138563558    
 43         3.049704817      0.7185637868    
 44         13.24056251      0.735703642     
 45         4.722818561      0.7424058194    
 46         2.111558994      0.753672032     
 47         7.224484157      0.7603890388    
 48         6.219907614      0.7720711568    
 49         5.897423671      0.7927556757    
 50         12.74381541      0.8062127984    
 51         1.474857348      0.8167784789    
 52         2.055638229      0.8233676691    
 53         13.01240377      0.825799521     
 54         9.195138131      0.8372208473    
 55         4.947094676      0.8538657505    
 56         3.686147512      0.8979035449    
 57         18.97982089      0.9021554748    
 58         27.35691172      0.9155162368    
 59         6.905782329      0.9237780118    
 60         3.316709574      0.9449388964    
 61         6.054660675      0.9519372923    
 62         18.5302141       0.973152304     
 63         7.345318827      0.9886215806    
 64         1.668166871      1.001319458     
 65         42.70287815      1.005283886     
 66         15.52322766      1.021251348     
 67         7.104583467      1.024700468     
 68         2.033723541      1.04598717      
 69         12.88060367      1.054606951     
 70         11.23227429      1.064884339     
 71         9.050456937      1.087067134     
 72         7.781103556      1.097234805     
 73         9.22475166       1.106477954     
 74         3.66533167       1.119804522     
 75         3.079340235      1.124526256     
 76         7.406780621      1.138982322     
 77         23.74324316      1.1457          
 78         12.36838136      1.153495717     
 79         5.843796056      1.186148106     
 80         7.560455478      1.194546861     
 81         3.762256153      1.199349041     
 82         5.240631366      1.205851868     
 83         2.253825227      1.211284497     
 84         5.982792011      1.234311447     
 85         43.63906628      1.279482777     
 86         4.159770968      1.506585233     
 87         11.02090977      1.947284048     
 88         23.91682911      1.979046162     
 89         2.77417552       1.988781571     
 90         6.70795281       1.999752291     
 91         5.088571192      2.000471077     
 92         4.410277447      2.011937876     
 93         6.884147185      2.020203628     
 94         5.513247228      2.042287683     
 95         1.932089984      2.048754476     
 96         3.786106445      2.053711809     
 97         2.073574729      2.054753027     
 98         4.494623432      2.062821163     
 99         9.259179705      2.078098893     
 100        13.87106032      2.083919341     
 101        32.36742406      2.104138973     
 102        17.09958784      2.118075093     
 103        2.73618412       2.147026104     
 104        6.458282423      2.162004109     
 105        3.211723647      2.16308223      
 106        1.085999131      2.176458114     
 107        0.7117082531     2.181701368     
 108        72.67204866      2.185789999     
 109        0.7644723128     2.194797921     
 110        1.286448474      2.200085339     
 111        15.23237698      2.208492884     
 112        11.05633833      2.214450527     
 113        20.94978857      2.225980446     
 114        7.689713946      2.236404914     
 115        3.970140312      2.245651787     
 116        38.50715135      2.252831691     
 117        1.672545326      2.267518909     
 118        4.808092469      2.280804459     
 119        1.406070561      2.291763528     
 120        7.210041371      2.297304352     
 121        17.01207495      2.306224255     
 122        2.129187414      2.312982663     
 123        9.442701658      2.331047766     
 124        4.402991967      2.337361493     
 125        5.61030769       2.345548163     
 126        3.701721364      2.37726094      
 127        10.78565261      2.405934426     
 128        6.11296506       2.416752426     
 129        11.93742229      2.438827152     
 130        10.31402592      2.457377595     
 131        4.981876953      2.465693498     
 132        6.324065141      2.48134208      
 133        7.126075442      2.504884311     
 134        6.882023971      2.51086605      
 135        5.651421114      2.514365273     
 136        2.587773812      2.526263427     
 137        13.53037103      2.530279825     
 138        2.192799416      2.538843555     
 139        15.06968415      2.545570625     
 140        22.83511863      2.57344788      
 141        18.81638335      2.60199168      
 142        6.110422049      2.645734896     
 143        3.882678717      2.662424972     
 144        9.088217954      2.670643515     
 145        1.022903705      2.731729664     
 146        25.6949529       2.737550084     
 147        1.99984098       2.758738964     
 148        1.925252352      2.772522009     
 149        1.683857114      2.778253951     
 150        107.4921691      2.822961821     
 151        165.2090125      2.890929999     
 152        0.3422461496     2.893149421     
 153        0.519200929      2.898602667     
 154        0.81266752       2.906918505     
 155        1.283772432      2.913611455     
 156        2.33390581       2.926406409     
 157        12.02931753      2.945510112     
 158        25.44665163      2.979414711     
 159        6.040020559      3.010017632     
 160        1.513635478      3.017966836     
 161        1.106017695      3.025822559     
 162        17.52895038      3.026310093     
 163        5.33805286       3.047606705     
 164        18.96037696      3.05617168      
 165        6.927861205      3.060801341     
 166        6.990897896      3.078266388     
 167        4.794625176      3.087778128     
 168        6.776329894      3.098691467     
 169        7.139067909      3.101386446     
 170        20.91355063      3.128307152     
 171        3.306255932      3.159002356     
 172        16.64202564      3.182315106     
 173        9.281644858      3.213197647     
 174        4.315519402      3.249079794     
 175        29.83373588      3.265419608     
 176        32.66435378      3.280612854     
 177        6.068528174      3.294217138     
 178        7.370271997      3.312004108     
 179        1.767418662      3.319012089     
 180        2.627965766      3.324041031     
 181        8.611492577      3.340513601     
 182        2.907401526      3.35245336      
 183        5.462297529      3.361332216     
 184        3.888174319      3.375982641     
 185        22.00447642      3.398377312     
 186        4.848706129      3.401955572     
 187        16.93971215      3.416736215     
 188        3.488631154      3.437614715     
 189        3.261429472      3.446492979     
 190        5.82130336       3.461759318     
 191        10.32589749      3.466272978     
 192        72.20211472      3.514296191     
 193        23.9342379       3.518680259     
 194        32.42525171      3.531132337     
 195        0.7840611774     3.564023216     
 196        7.448369655      3.573116404     
 197        2.089862884      3.580074958     
 198        103.4445369      3.586690022     
 199        2.944694578      3.589870591     
 200        5.16655545       3.595570559     
 201        13.11370388      3.616798378     
 202        8.781548978      3.637304103     
 203        2.076750514      3.657384204     
 204        3.749377489      3.662299579     
 205        3.073288879      3.669890308     
 206        1.000352544      3.680767717     
 207        7.973625665      3.690033047     
 208        32.80738239      3.697578355     
 209        72.67086841      3.716894132     
 210        6.956587317      3.72651681      
 211        1.057294771      3.739324917     
 212        2.964065217      3.752004828     
 213        9.634084226      3.763335668     
 214        16.01769382      3.771594017     
 215        6.783522104      3.79085649      
 216        6.067598265      3.805999458     
 217        5.472237731      3.816697911     
 218        4.177620642      3.823601337     
 219        7.649268809      3.829843644     
 220        5.884886031      3.845506694     
 221        7.41804092       3.857725432     
 222        1.624548892      3.865202982     
 223        3.862412302      3.871893282     
 224        18.78271727      3.894121301     
 225        19.70151619      3.905098599     
 226        12.12989026      3.950176225     
 227        13.50501613      3.957577508     
 228        2.262726166      3.966639247     
 229        5.902726315      3.991499279     
 230        5.134453911      4.004808526     
 231        7.327026204      4.016196995     
 232        10.76556599      4.056853386     
 233        20.78661037      4.074045957     
 234        39.56872947      4.108946604     
 235        27.78153925      4.122089843     
 236        4.046042401      4.153681672     
 237        6.294002809      4.165550316     
 238        4.153284974      4.183860051     
 239        5.08797383       4.187486732     
 240        6.623854008      4.195805093     
 241        7.599187806      4.216192729     
 242        10.86370043      4.240915772     
 243        3.586703013      4.251172865     
 244        51.16513161      4.274422735     
 245        1.667025479      4.287807209     
 246        29.88493346      4.320310249     
 247        108.5400071      4.34572         
 248        0.4429648486     4.348761795     
 249        0.8432326219     4.356677738     
 250        2.201956779      4.361471173     
 251        1.11161043       4.367827956     
 252        1.227897525      4.373022649     
 253        14.82499051      4.407152911     
 254        1.082153522      4.42559708      
 255        9.042221753      4.436518979     
 256        74.90005391      4.442230006     
 257        0.9169987803     4.451107782     
 258        2.42556999       4.458351166     
 259        4.599260396      4.475894773     
 260        8.791953058      4.485741238     
 261        1.8201225        4.503210352     
 262        4.234827585      4.505763813     
 263        3.570274586      4.515035293     
 264        7.430049158      4.524694289     
 265        3.59301896       4.536875148     
 266        1.590111757      4.548027815     
 267        5.521127151      4.556383035     
 268        38.6924457       4.56274738      
 269        17.56965186      4.577438722     
 270        3.506657537      4.586346432     
 271        4.080603529      4.596985596     
 272        10.01326114      4.610107362     
 273        4.977547566      4.6323737       
 274        4.705889277      4.647222995     
 275        5.478819447      4.654998129     
 276        16.51419578      4.663848968     
 277        4.452216336      4.673892457     
 278        8.424999368      4.679763472     
 279        4.741501996      4.699615136     
 280        6.492238968      4.719166363     
 281        19.03382648      4.729581921     
 282        5.20961684       4.735013066     
 283        4.582738425      4.753849702     
 284        10.31793604      4.758147838     
 285        9.687279191      4.771979116     
 286        5.448844192      4.789014468     
 287        4.642541959      4.803341781     
 288        2.722301916      4.813125603     
 289        70.59071518      4.824169986     
 290        9.140313269      4.841851941     
 291        14.69607026      4.843571737     
 292        18.670936        4.857986616     
 293        1.323618654      4.872359684     
 294        17.4516032       4.87973906      
 295        2.211784712      4.895999972     
 296        16.19698316      4.907904789     
 297        8.075235803      4.921022942     
 298        4.846844315      4.929537185     
 299        9.431559498      4.942824242     
 300        7.088679319      4.945762258     
 301        4.597100483      4.968857308     
 302        4.319470029      4.978613901     
 303        5.193621576      4.982806565     
 304        5.45483396       4.999088534     
 305        15.61617658      5.003021711     
 306        4.069562337      5.005408932     
 307        6.153298737      5.043065817     
 308        3.999971056      5.052915438     
 309        2.874949891      5.061238354     
 310        2.857929979      5.068739111     
 311        2.682360626      5.078958425     
 312        2.393707338      5.086394917     
 313        2.120225201      5.092114777     
 314        1.901403735      5.096197179     
 315        0.8248978167     5.103279863     
 316        11.81179421      5.112828745     
 317        79.29865693      5.114980013     
 318        0.7378593776     5.132613937     
 319        5.35650846       5.147199826     
 320        76.71342261      5.155639997     
 321        14.97880024      5.170449595     
 322        32.49241904      5.172166858     
 323        2.354592677      5.205132824     
 324        13.69517869      5.217366246     
 325        5.764194588      5.223852655     
 326        10.30594409      5.249351051     
 327        7.581573653      5.265903635     
 328        13.21538267      5.324690646     
 329        5.478917656      5.330959732     
 330        5.925161016      5.343811377     
 331        6.749755616      5.353885308     
 332        2.988708492      5.368137558     
 333        3.558282528      5.378385753     
 334        2.253994806      5.385167738     
 335        17.56879961      5.386979996     
 336        6.569058465      5.393787656     
 337        3.731311994      5.396198137     
 338        11.98510842      5.409239579     
 339        11.72669823      5.414228298     
 340        5.787971683      5.439779377     
 341        3.984252506      5.452837687     
 342        5.251355272      5.462966417     
 343        1.826849403      5.482261164     
 344        12.8618242       5.487091866     
 345        3.028082665      5.496251364     
 346        6.591518503      5.506319532     
 347        5.661728632      5.533511295     
 348        16.5284677       5.544413124     
 349        4.704164847      5.560287947     
 350        3.461297428      5.569720221     
 351        27.65754866      5.573470931     
 352        4.535869721      5.590482145     
 353        5.680486768      5.605849755     
 354        6.053635754      5.615856969     
 355        58.87602522      5.626273727     
 356        0.4170071755     5.627633653     
 357        2.580338422      5.629853413     
 358        4.398332482      5.638161644     
 359        1.629221749      5.645405376     
 360        3.228903687      5.65308426      
 361        4.998366242      5.65966216      
 362        1.2852509        5.66498389      
 363        4.23470892       5.672017403     
 364        2.923471109      5.686436519     
 365        22.29053922      5.700449731     
 366        4.944057188      5.708431828     
 367        2.891573935      5.720550855     
 368        6.834805818      5.732360504     
 369        9.499743576      5.744274111     
 370        8.277881659      5.768422817     
 371        6.486712299      5.788774174     
 372        5.414658714      5.808679898     
 373        8.610898113      5.824182467     
 374        3.525292523      5.856493258     
 375        24.87639701      5.865950407     
 376        4.926407732      5.882822294     
 377        6.908803324      5.897052022     
 378        3.06979876       5.915909265     
 379        6.045415935      5.922791453     
 380        7.498461732      5.932879225     
 381        1.754853841      5.94108895      
 382        60.21638307      5.947730182     
 383        29.56141447      5.966388977     
 384        13.9938561       5.990723855     
 385        9.706326892      6.009108424     
 386        8.538223576      6.020839578     
 387        5.35544744       6.028733417     
 388        4.432438019      6.0499269       
 389        1.925825246      6.077711356     
 390        7.733212115      6.084868993     
 391        46.93942967      6.140389919     
 392        3.92411527       6.144895189     
 393        7.568031294      6.188160812     
 394        16.81773595      6.197045921     
 395        9.782450602      6.236663668     
 396        6.685379813      6.248572342     
 397        5.160767085      6.272616211     
